Timestamp,User Count,Type,Name,Requests/s,Failures/s,50%,66%,75%,80%,90%,95%,98%,99%,99.9%,99.99%,100%,Total Request Count,Total Failure Count,Total Median Response Time,Total Average Response Time,Total Min Response Time,Total Max Response Time,Total Average Content Size
1748396469,0,,Aggregated,0.000000,0.000000,N/A,N/A,N/A,N/A,N/A,N/A,N/A,N/A,N/A,N/A,N/A,0,0,0,0.0,0,0,0
1748396470,50,,Aggregated,0.000000,0.000000,900,910,920,920,930,930,930,930,930,930,930,8,0,890,874.125,805,926,10499.0
1748396471,100,,Aggregated,0.000000,0.000000,1200,1800,1800,1800,1800,1800,1800,1800,1800,1800,1800,34,0,1200,1353.5882352941176,805,1832,10275.058823529413
1748396472,150,,Aggregated,0.000000,0.000000,1800,1900,2000,2100,2100,2100,2200,2200,2200,2200,2200,64,0,1800,1626.25,805,2212,10083.296875
1748396473,200,,Aggregated,8.000000,0.000000,1800,2100,2100,2200,2500,2500,2700,2900,2900,2900,2900,93,0,1800,1819.7096774193549,805,2920,9746.623655913978
1748396474,250,,Aggregated,19.333333,0.000000,1900,2100,2200,2400,2500,3000,3000,3000,3100,3100,3100,111,0,1900,1897.5315315315315,805,3127,9560.864864864865
1748396475,300,,Aggregated,20.750000,0.000000,2100,2500,3000,3100,4000,4100,4200,4300,4700,4700,4700,159,0,2100,2348.9245283018868,805,4717,9759.59748427673
1748396476,350,,Aggregated,22.000000,0.000000,2200,2900,3100,3200,4100,4300,5400,5900,5900,5900,5900,172,0,2200,2533.4011627906975,805,5917,9850.017441860466
1748396477,400,,Aggregated,26.333333,0.000000,2900,3800,4100,4700,5300,5700,5900,6100,6200,6200,6200,224,0,2800,3091.0714285714284,805,6221,9866.129464285714
1748396478,450,,Aggregated,23.857143,0.000000,2900,4000,4300,4800,5300,5800,6000,6100,6700,6700,6700,237,0,2900,3200.6540084388184,805,6734,9866.316455696202
1748396479,500,,Aggregated,0.000000,0.000000,5800,6800,6900,6900,7000,7000,7300,7300,7300,7300,7300,25,0,5800,5667.48,3600,7306,9948.12
1748396480,500,,Aggregated,0.000000,0.000000,6700,7100,7100,7200,7500,7900,8500,8800,8800,8800,8800,71,0,6700,6338.281690140845,3600,8806,9824.0
1748396481,500,,Aggregated,6.000000,0.000000,6600,7100,7200,7300,7900,8500,8700,8800,8900,8900,8900,109,0,6600,6370.908256880734,3284,8920,9742.211009174312
1748396482,500,,Aggregated,29.000000,0.000000,7000,7400,7600,7900,8600,8600,8800,9000,9500,9500,9500,172,0,6900,6680.017441860465,2298,9523,9861.296511627907
1748396483,500,,Aggregated,30.000000,0.000000,7100,7600,8000,8400,8700,9000,9700,9800,10000,10000,10000,218,0,7100,6913.633027522936,2298,10015,9893.29357798165
1748396484,500,,Aggregated,38.500000,0.000000,7100,7900,8400,8600,8900,9600,10000,10000,11000,11000,11000,274,0,7100,6999.054744525547,1999,10626,9840.120437956204
1748396485,500,,Aggregated,37.200000,0.000000,7400,8100,8600,8700,9500,10000,10000,11000,11000,11000,11000,358,0,7300,7197.6033519553075,1999,11219,9846.18156424581
1748396486,500,,Aggregated,44.000000,0.000000,7400,8300,8600,8800,9600,10000,11000,11000,11000,11000,11000,388,0,7400,7273.688144329897,1999,11219,9790.817010309278
1748396487,500,,Aggregated,46.000000,0.000000,7400,8300,8700,9000,9800,10000,11000,11000,11000,11000,11000,453,0,7400,7324.328918322296,1999,11219,9587.885209713024
1748396488,500,,Aggregated,46.000000,0.000000,7400,8300,8700,9000,10000,10000,11000,11000,12000,12000,12000,482,0,7400,7356.248962655602,1999,11512,9553.182572614109
1748396489,500,,Aggregated,47.666667,0.000000,7400,8500,9000,9500,11000,12000,12000,12000,13000,13000,13000,603,0,7400,7484.228855721393,1999,13294,9457.713101160862
1748396490,500,,Aggregated,48.200000,0.000000,7500,8500,9000,9500,11000,12000,12000,12000,13000,13000,13000,640,0,7500,7524.828125,1999,13294,9439.9421875
1748396491,500,,Aggregated,52.100000,0.000000,7400,8500,9000,9500,11000,12000,12000,12000,14000,14000,14000,673,0,7400,7479.306092124814,1625,13925,9375.24219910847
1748396492,500,,Aggregated,57.000000,0.000000,7400,8500,9100,9700,11000,12000,13000,14000,15000,15000,15000,804,0,7300,7522.380597014925,1584,15178,9279.807213930348
1748396493,500,,Aggregated,56.400000,0.000000,7300,8500,9200,9700,11000,12000,13000,14000,15000,15000,15000,877,0,7300,7507.141391106044,1584,15317,9300.093500570125
1748396494,500,,Aggregated,58.100000,0.000000,7200,8300,9000,9600,11000,12000,13000,14000,17000,17000,17000,939,0,7200,7346.005324813632,1584,16732,9238.684771033013
1748396495,500,,Aggregated,67.500000,0.000000,7100,8300,9000,9600,11000,12000,13000,14000,17000,17000,17000,967,0,7100,7291.221302998966,1584,16732,9207.456049638056
1748396496,500,,Aggregated,63.700000,0.000000,7000,8200,8900,9400,11000,12000,13000,14000,15000,17000,17000,1041,0,7000,7163.628242074928,1584,16732,9436.947166186359
1748396497,500,,Aggregated,62.000000,0.000000,6900,7900,8700,9300,11000,12000,13000,14000,15000,17000,17000,1128,0,6900,6972.609042553191,1584,16732,9408.551418439716
1748396498,500,,Aggregated,67.300000,0.000000,6700,7800,8600,9100,11000,12000,13000,14000,15000,17000,17000,1184,0,6700,6836.011824324324,1584,16732,9444.892736486487
1748396499,500,,Aggregated,68.100000,0.000000,6300,7600,8500,8900,10000,12000,13000,14000,15000,17000,17000,1292,0,6300,6520.834365325078,1353,16732,9425.57198142415
1748396500,500,,Aggregated,69.100000,0.000000,6200,7500,8400,8900,10000,12000,13000,14000,15000,17000,17000,1320,0,6200,6443.91893939394,1353,16732,9416.802272727273
1748396501,500,,Aggregated,74.200000,0.000000,5900,7400,8300,8700,10000,11000,12000,14000,15000,17000,17000,1389,0,5900,6288.041756659467,1353,16732,9396.083513318934
1748396502,500,,Aggregated,68.000000,0.000000,5800,7300,8200,8700,10000,11000,12000,14000,15000,17000,17000,1429,0,5800,6210.288313505948,1353,16732,9446.688593421974
1748396503,500,,Aggregated,70.100000,0.000000,5700,7200,8100,8600,10000,11000,12000,14000,15000,17000,17000,1476,0,5700,6128.375338753388,1353,16732,9460.741192411924
1748396504,500,,Aggregated,67.100000,0.000000,5600,7100,8000,8600,10000,11000,12000,13000,15000,17000,17000,1522,0,5600,6054.618922470434,1353,16732,9428.149802890934
1748396505,500,,Aggregated,67.100000,0.000000,5400,7000,7900,8500,10000,11000,12000,13000,15000,17000,17000,1584,0,5400,5959.10101010101,1353,16732,9391.703914141413
1748396506,500,,Aggregated,60.900000,0.000000,5300,6900,7800,8500,10000,11000,12000,13000,15000,17000,17000,1616,0,5300,5912.932549504951,1353,16732,9373.733292079209
1748396507,500,,Aggregated,64.200000,0.000000,5100,6700,7600,8300,9900,11000,12000,13000,15000,17000,17000,1731,0,5100,5790.335644136338,1353,16732,9342.912767186597
1748396508,500,,Aggregated,57.800000,0.000000,5000,6600,7500,8100,9800,11000,12000,13000,15000,17000,17000,1812,0,5000,5711.983995584989,1353,16732,9352.14569536424
1748396509,500,,Aggregated,53.100000,0.000000,4900,6500,7400,8000,9700,11000,12000,13000,15000,17000,17000,1848,0,4900,5663.737012987013,1353,16732,9335.119047619048
1748396510,500,,Aggregated,57.000000,0.000000,4800,6300,7400,8000,9600,11000,12000,13000,15000,17000,17000,1904,0,4800,5596.681197478992,1353,16732,9315.612920168067
1748396511,500,,Aggregated,56.800000,0.000000,4800,6200,7300,7900,9600,11000,12000,13000,15000,17000,17000,1946,0,4800,5558.573484069887,1353,16732,9317.169578622816
1748396512,500,,Aggregated,57.400000,0.000000,4700,6100,7200,7800,9500,11000,12000,13000,15000,17000,17000,2017,0,4700,5506.302925136341,1353,16732,9334.16162617749
1748396513,500,,Aggregated,58.000000,0.000000,4700,6100,7200,7800,9500,11000,12000,13000,15000,17000,17000,2055,0,4700,5485.844282238443,1353,16732,9345.890510948906
1748396514,500,,Aggregated,54.300000,0.000000,4600,6000,7100,7700,9400,11000,12000,13000,15000,17000,17000,2094,0,4600,5456.3562559694365,1353,16732,9342.317574021012
1748396515,500,,Aggregated,55.900000,0.000000,4600,5800,7000,7600,9300,11000,12000,13000,15000,17000,17000,2178,0,4600,5393.16391184573,1353,16732,9336.003673094583
1748396516,500,,Aggregated,57.900000,0.000000,4500,5700,6900,7500,9200,11000,12000,13000,15000,17000,17000,2265,1,4500,5327.786313465784,1005,16732,9328.977483443708
1748396517,500,,Aggregated,59.100000,0.000000,4400,5700,6900,7500,9200,11000,12000,13000,15000,17000,17000,2307,1,4400,5303.998699609883,1005,16732,9333.23276983095
1748396518,500,,Aggregated,62.400000,0.100000,4400,5600,6800,7400,9100,11000,12000,13000,15000,17000,17000,2357,1,4400,5263.901994060246,1005,16732,9305.49978786593
1748396519,500,,Aggregated,64.900000,0.100000,4400,5500,6700,7300,9000,11000,12000,13000,15000,17000,17000,2440,1,4400,5223.517213114754,1005,16732,9320.912295081967
1748396520,500,,Aggregated,59.800000,0.100000,4400,5500,6700,7300,9000,11000,12000,13000,15000,17000,17000,2459,1,4400,5207.637657584384,1005,16732,9315.742578283855
1748396521,500,,Aggregated,54.700000,0.100000,4300,5400,6500,7200,9000,10000,12000,13000,15000,17000,17000,2550,1,4300,5156.754901960784,1005,16732,9350.503529411764
1748396522,500,,Aggregated,57.500000,0.100000,4300,5300,6400,7100,8900,10000,12000,13000,15000,17000,17000,2603,1,4300,5134.468305800999,1005,16732,9357.581252401076
1748396523,500,,Aggregated,60.100000,0.100000,4300,5300,6300,7100,8800,10000,12000,13000,15000,17000,17000,2661,1,4300,5102.174370537392,1005,16732,9358.918075911311
1748396524,500,,Aggregated,62.900000,0.100000,4200,5200,6200,7000,8800,10000,12000,12000,15000,17000,17000,2714,1,4200,5078.4635224760505,1005,16732,9382.158806190126
1748396525,500,,Aggregated,61.900000,0.100000,4200,5200,6100,6900,8700,10000,12000,12000,15000,17000,17000,2791,1,4200,5041.5446076675025,1005,16732,9388.731637405948
1748396526,500,,Aggregated,61.700000,0.100000,4200,5100,6100,6900,8700,10000,12000,12000,15000,17000,17000,2829,1,4200,5026.54012018381,1005,16732,9400.382467302934
1748396527,500,,Aggregated,53.900000,0.100000,4200,5100,6100,6900,8600,10000,12000,12000,15000,17000,17000,2872,1,4200,5013.867688022284,1005,16732,9409.54352367688
1748396528,500,,Aggregated,56.000000,0.000000,4200,5100,6000,6800,8600,10000,12000,12000,15000,17000,17000,2907,1,4200,5001.347437220502,1005,16732,9401.633642930856
1748396529,500,,Aggregated,57.000000,0.000000,4200,5100,5900,6800,8600,10000,12000,12000,15000,17000,17000,3004,1,4200,4967.252996005326,1005,16732,9417.655459387483
1748396530,500,,Aggregated,56.400000,0.000000,4100,5000,5800,6700,8600,10000,12000,12000,15000,17000,17000,3095,1,4100,4939.676252019386,1005,16732,9410.521486268175
1748396531,500,,Aggregated,58.200000,0.000000,4100,5000,5800,6600,8500,10000,12000,12000,15000,17000,17000,3138,1,4100,4915.242829827916,1005,16732,9414.487253027406
1748396532,500,,Aggregated,59.100000,0.000000,4100,5000,5800,6600,8500,10000,12000,12000,15000,17000,17000,3173,1,4100,4897.976678222502,1005,16732,9406.4018279231
1748396533,500,,Aggregated,59.400000,0.000000,4100,5000,5700,6500,8500,10000,12000,12000,15000,17000,17000,3228,1,4100,4881.075588599752,1005,16732,9392.628252788105
1748396534,500,,Aggregated,56.800000,0.000000,4100,5000,5700,6400,8400,10000,12000,12000,15000,17000,17000,3274,1,4100,4867.704337202199,1005,16732,9393.47403787416
1748396535,500,,Aggregated,56.400000,0.000000,4100,4900,5700,6400,8300,10000,12000,12000,15000,17000,17000,3338,1,4100,4853.638406231276,1005,16732,9392.965248651888
1748396536,500,,Aggregated,56.000000,0.000000,4100,4900,5600,6300,8300,9900,12000,12000,15000,17000,17000,3386,1,4100,4837.686946249261,1005,16732,9399.723862965151
1748396537,500,,Aggregated,60.000000,0.000000,4100,4900,5600,6300,8300,9900,11000,12000,15000,17000,17000,3438,1,4100,4830.422920302502,1005,16732,9407.986910994765
1748396538,500,,Aggregated,58.700000,0.000000,4100,4900,5600,6300,8300,9900,11000,12000,15000,17000,17000,3461,1,4100,4834.005489742849,1005,16732,9425.453626119619
1748396539,500,,Aggregated,54.500000,0.000000,4100,4900,5600,6300,8200,9800,11000,12000,15000,17000,17000,3539,1,4100,4826.54224357163,1005,16732,9428.929641141565
1748396540,500,,Aggregated,54.900000,0.000000,4100,4900,5600,6200,8200,9800,11000,12000,15000,17000,17000,3624,1,4100,4827.994757174393,1005,16732,9445.416666666666
1748396541,500,,Aggregated,50.200000,0.000000,4100,4900,5600,6200,8200,9800,11000,12000,15000,17000,17000,3660,1,4100,4826.306557377049,1005,16732,9444.724590163934
1748396542,500,,Aggregated,53.900000,0.000000,4100,4900,5600,6200,8100,9700,11000,12000,15000,17000,17000,3703,1,4100,4816.950850661626,1005,16732,9438.482041587902
1748396543,500,,Aggregated,52.700000,0.000000,4100,4900,5600,6200,8000,9700,11000,12000,15000,17000,17000,3751,1,4100,4816.19434817382,1005,16732,9437.207677952547
1748396544,500,,Aggregated,52.700000,0.000000,4100,4900,5600,6200,8000,9600,11000,12000,15000,17000,17000,3810,1,4100,4815.221259842519,1005,16732,9432.521522309711
1748396545,500,,Aggregated,50.500000,0.000000,4200,5000,5600,6200,8000,9600,11000,12000,15000,17000,17000,3875,1,4200,4817.987096774194,1005,16732,9438.975741935485
1748396546,500,,Aggregated,53.400000,0.000000,4200,5000,5600,6200,8000,9600,11000,12000,15000,17000,17000,3932,1,4200,4818.964140386572,1005,16732,9457.971261444558
1748396547,500,,Aggregated,53.400000,0.000000,4200,5000,5600,6200,7900,9500,11000,12000,15000,17000,17000,3991,1,4200,4820.254572788775,1005,16732,9471.269857178651
1748396548,500,,Aggregated,52.600000,0.000000,4200,5000,5600,6200,8000,9500,11000,12000,15000,17000,17000,4041,1,4200,4825.849542192526,1005,16732,9479.38851769364
1748396549,500,,Aggregated,54.300000,0.000000,4200,5000,5600,6200,7900,9500,11000,12000,15000,17000,17000,4129,1,4200,4806.1671106805525,1005,16732,9475.032937757327
1748396550,500,,Aggregated,55.000000,0.000000,4200,4900,5600,6100,7900,9500,11000,12000,15000,17000,17000,4168,1,4200,4799.728886756238,1005,16732,9477.76055662188
1748396551,500,,Aggregated,60.100000,0.000000,4200,4900,5600,6100,7900,9400,11000,12000,15000,17000,17000,4226,1,4200,4788.858968291529,1005,16732,9464.969947941316
1748396552,500,,Aggregated,55.500000,0.000000,4200,4900,5600,6100,7900,9400,11000,12000,15000,17000,17000,4263,1,4200,4785.978184377199,1005,16732,9477.421534130894
1748396553,500,,Aggregated,52.900000,0.000000,4200,4900,5600,6100,7800,9400,11000,12000,15000,17000,17000,4334,1,4200,4781.803876326719,1005,16732,9504.967928011076
1748396554,500,,Aggregated,57.100000,0.000000,4200,4900,5600,6100,7800,9300,11000,12000,15000,17000,17000,4388,1,4200,4775.862351868733,1005,16732,9519.02096627165
1748396555,500,,Aggregated,61.900000,0.000000,4200,4900,5600,6100,7800,9300,11000,12000,15000,17000,17000,4449,1,4200,4772.982467970331,1005,16732,9508.477410654079
1748396556,500,,Aggregated,55.800000,0.000000,4200,4900,5600,6100,7800,9300,11000,12000,15000,17000,17000,4492,1,4200,4771.308325912733,1005,16732,9512.260685663401
1748396557,500,,Aggregated,54.400000,0.000000,4200,4900,5600,6000,7700,9300,11000,12000,15000,17000,17000,4597,1,4200,4761.457037198173,1005,16732,9527.918642592995
1748396558,500,,Aggregated,54.100000,0.000000,4200,4900,5500,6000,7700,9200,11000,12000,15000,17000,17000,4641,1,4200,4756.833441068735,1005,16732,9533.006679594915
1748396559,500,,Aggregated,56.800000,0.000000,4200,4900,5500,6000,7600,9200,11000,12000,15000,17000,17000,4689,1,4200,4746.82171038601,1005,16732,9529.751332906802
1748396560,500,,Aggregated,61.400000,0.000000,4200,4900,5500,6000,7600,9200,11000,12000,15000,17000,17000,4726,1,4200,4738.8396106644095,1005,16732,9528.00909860347
1748396561,500,,Aggregated,60.200000,0.000000,4200,4900,5500,5900,7600,9200,11000,12000,15000,17000,17000,4775,1,4200,4732.060732984293,1005,16732,9520.69445026178
1748396562,500,,Aggregated,57.800000,0.000000,4200,4900,5500,5900,7600,9100,11000,12000,15000,17000,17000,4840,1,4200,4732.195041322314,1005,16732,9533.705578512398
1748396563,500,,Aggregated,57.000000,0.000000,4200,4900,5500,5900,7600,9000,11000,12000,15000,17000,17000,4942,1,4200,4723.022258195063,1005,16732,9541.149332254148
1748396564,500,,Aggregated,57.500000,0.000000,4100,4900,5500,5900,7600,9000,11000,12000,15000,17000,17000,5010,1,4100,4706.933133732535,1005,16732,9541.159081836327
1748396565,500,,Aggregated,58.400000,0.000000,4100,4900,5500,5900,7500,9000,11000,12000,15000,17000,17000,5067,1,4100,4697.175646339057,1005,16732,9553.895598973751
1748396566,500,,Aggregated,63.200000,0.000000,4100,4800,5400,5900,7500,9000,11000,12000,15000,17000,17000,5103,1,4100,4686.812659220067,1005,16732,9542.3578287282
1748396567,500,,Aggregated,65.200000,0.000000,4100,4800,5400,5900,7500,9000,11000,12000,15000,17000,17000,5146,1,4100,4683.164593859308,1005,16732,9546.86416634279
1748396568,500,,Aggregated,63.800000,0.000000,4100,4800,5400,5800,7500,9000,11000,12000,15000,17000,17000,5243,1,4100,4663.752241083349,1005,16732,9555.237459469769
1748396569,500,,Aggregated,58.800000,0.000000,4100,4800,5400,5800,7500,8900,11000,12000,15000,17000,17000,5287,1,4100,4656.365235483261,1005,16732,9566.222621524494
1748396570,500,,Aggregated,56.900000,0.000000,4100,4800,5400,5800,7400,8900,11000,12000,15000,17000,17000,5326,1,4100,4647.66766804356,1005,16732,9559.995493803981
1748396571,500,,Aggregated,58.900000,0.000000,4100,4800,5400,5800,7400,8900,11000,12000,15000,17000,17000,5389,1,4100,4640.2523659306,1005,16732,9549.36426053071
1748396572,500,,Aggregated,57.100000,0.000000,4100,4800,5300,5800,7400,8900,11000,12000,15000,17000,17000,5422,1,4100,4637.9476208041315,1005,16732,9547.852268535597
1748396573,500,,Aggregated,58.400000,0.000000,4100,4800,5300,5800,7400,8800,11000,12000,15000,17000,17000,5466,1,4100,4635.9001097694845,1005,16732,9561.205451884376
1748396574,500,,Aggregated,57.900000,0.000000,4100,4800,5300,5700,7300,8800,11000,12000,15000,17000,17000,5566,1,4100,4631.48598634567,1005,16732,9578.4065756378
1748396575,500,,Aggregated,54.000000,0.000000,4100,4800,5300,5700,7300,8800,11000,12000,15000,17000,17000,5630,1,4100,4624.198579040853,1005,16732,9584.228063943161
1748396576,500,,Aggregated,55.800000,0.000000,4100,4800,5300,5700,7300,8700,11000,12000,15000,17000,17000,5701,1,4100,4615.360989300123,1005,16732,9593.570250833187
1748396577,500,,Aggregated,56.600000,0.000000,4100,4700,5300,5700,7200,8700,11000,12000,15000,17000,17000,5807,1,4100,4592.966247632168,1005,16732,9595.417599448941
1748396578,500,,Aggregated,55.700000,0.000000,4100,4700,5200,5700,7200,8700,11000,12000,15000,17000,17000,5867,1,4100,4579.992670870974,1005,16732,9610.676495653655
1748396579,500,,Aggregated,62.900000,0.000000,4000,4700,5200,5600,7200,8700,11000,12000,15000,17000,17000,5928,1,4000,4560.935053981107,1005,16732,9604.966599190284
1748396580,500,,Aggregated,63.300000,0.000000,4000,4700,5200,5600,7200,8600,11000,12000,15000,17000,17000,5982,1,4000,4549.66014710799,1005,16732,9624.447174857907
1748396581,500,,Aggregated,63.600000,0.000000,4000,4700,5200,5600,7100,8600,11000,12000,15000,17000,17000,6047,1,4000,4536.74946254341,1005,16732,9634.064329419547
1748396582,500,,Aggregated,64.300000,0.000000,4000,4700,5200,5600,7100,8600,11000,12000,15000,17000,17000,6102,1,4000,4523.872009177319,1005,16732,9635.117010816126
1748396583,500,,Aggregated,68.200000,0.000000,4000,4700,5200,5600,7100,8600,11000,12000,15000,17000,17000,6139,1,4000,4517.086170386056,1005,16732,9645.918390617364
1748396584,500,,Aggregated,69.000000,0.000000,4000,4700,5100,5600,7100,8600,11000,12000,15000,17000,17000,6196,1,4000,4506.655422853454,1005,16732,9646.611362169142
1748396585,500,,Aggregated,67.200000,0.000000,4000,4600,5100,5600,7100,8600,11000,12000,15000,17000,17000,6261,1,4000,4498.835329819518,1005,16732,9644.002874940106
1748396586,500,,Aggregated,62.400000,0.000000,4000,4600,5100,5500,7000,8600,10000,12000,15000,17000,17000,6342,1,4000,4486.983128350678,1005,16732,9636.092872910755
1748396587,500,,Aggregated,60.500000,0.000000,4000,4600,5100,5500,7000,8600,10000,12000,15000,17000,17000,6418,1,4000,4476.396385166719,1005,16732,9638.031629791212
1748396588,500,,Aggregated,63.700000,0.000000,4000,4600,5100,5500,7000,8600,10000,12000,15000,17000,17000,6480,1,4000,4468.795061728395,1005,16732,9646.312037037036
1748396589,500,,Aggregated,62.300000,0.000000,4000,4600,5100,5500,7000,8600,10000,12000,15000,17000,17000,6531,1,4000,4461.428418312663,1005,16732,9650.533149594243
1748396590,500,,Aggregated,61.700000,0.000000,4000,4600,5100,5500,6900,8500,10000,12000,15000,17000,17000,6598,1,4000,4453.662928160048,1005,16732,9654.86799030009
1748396591,500,,Aggregated,58.500000,0.000000,4000,4600,5100,5500,6900,8500,10000,12000,15000,17000,17000,6621,1,4000,4451.40311131249,1005,16732,9652.507476212053
1748396592,500,,Aggregated,60.000000,0.000000,4000,4600,5100,5500,6900,8500,10000,12000,15000,17000,17000,6694,1,4000,4446.334478637586,1005,16732,9660.064834179862
1748396593,500,,Aggregated,58.700000,0.000000,3900,4600,5100,5400,6900,8500,10000,12000,15000,17000,17000,6756,1,3900,4438.337329780936,1005,16732,9660.55313795145
1748396594,500,,Aggregated,55.800000,0.000000,3900,4600,5000,5400,6900,8500,10000,11000,15000,17000,17000,6809,1,3900,4432.658833896314,1005,16732,9656.273021001616
1748396595,500,,Aggregated,61.500000,0.000000,3900,4500,5000,5400,6900,8400,10000,11000,15000,17000,17000,6908,1,3900,4423.137521713955,1005,16732,9669.624493341054
1748396596,500,,Aggregated,60.600000,0.000000,3900,4500,5000,5400,6900,8400,10000,11000,15000,17000,17000,6956,1,3900,4415.806641748131,1005,16732,9670.984042553191
1748396597,500,,Aggregated,64.500000,0.000000,3900,4500,5000,5400,6800,8300,10000,11000,14000,17000,17000,7046,1,3900,4404.20295202952,1005,16732,9671.137808685779
1748396598,500,,Aggregated,64.800000,0.000000,3900,4500,5000,5400,6800,8300,10000,11000,14000,17000,17000,7098,1,3900,4394.853198083967,1005,16732,9676.655395886166
1748396599,500,,Aggregated,61.000000,0.000000,3900,4500,5000,5400,6800,8300,10000,11000,14000,17000,17000,7164,1,3900,4383.219570072585,1005,16732,9696.901730876605
1748396600,500,,Aggregated,63.600000,0.000000,3900,4500,5000,5300,6800,8300,10000,11000,14000,17000,17000,7222,1,3900,4372.982691775132,1005,16732,9693.762254223207
1748396601,500,,Aggregated,65.400000,0.000000,3900,4500,5000,5300,6800,8300,10000,11000,14000,17000,17000,7255,1,3900,4368.0184700206755,1005,16732,9692.873190902827
1748396602,500,,Aggregated,64.700000,0.000000,3900,4500,5000,5300,6800,8300,10000,11000,14000,17000,17000,7317,1,3900,4360.3983873172065,1005,16732,9689.847751810852
1748396603,500,,Aggregated,63.400000,0.000000,3900,4500,5000,5300,6700,8300,10000,11000,14000,17000,17000,7377,1,3900,4355.687271248475,1005,16732,9684.908363833536
1748396604,500,,Aggregated,60.900000,0.000000,3900,4500,5000,5300,6700,8200,10000,11000,14000,17000,17000,7427,1,3900,4355.557829540864,1005,16732,9691.781607647772
1748396605,500,,Aggregated,59.900000,0.000000,3900,4500,5000,5300,6700,8200,10000,11000,14000,17000,17000,7471,1,3900,4355.44465265694,1005,16732,9706.512113505554
1748396606,500,,Aggregated,61.500000,0.000000,3900,4500,5000,5300,6700,8200,10000,11000,14000,17000,17000,7504,1,3900,4355.498134328358,1005,16732,9710.798640724946
1748396607,500,,Aggregated,59.600000,0.000000,3900,4500,5000,5300,6700,8200,10000,11000,14000,17000,17000,7588,1,3900,4356.419082762256,1005,16732,9704.311544544016
1748396608,500,,Aggregated,56.800000,0.000000,3900,4500,5000,5300,6700,8200,10000,11000,14000,17000,17000,7672,1,3900,4357.553441084463,1005,16732,9696.340719499478
1748396609,500,,Aggregated,56.000000,0.000000,3900,4500,5000,5300,6700,8200,10000,11000,14000,17000,17000,7725,1,3900,4355.755987055016,1005,16732,9690.538770226538
1748396610,500,,Aggregated,52.800000,0.000000,3900,4500,5000,5300,6700,8100,10000,11000,14000,17000,17000,7766,1,3900,4357.358485706927,1005,16732,9701.228817924286
1748396611,500,,Aggregated,54.300000,0.000000,3900,4500,5000,5300,6700,8100,10000,11000,14000,17000,17000,7827,1,3900,4361.945956305098,1005,16732,9707.037817810144
1748396612,500,,Aggregated,55.400000,0.000000,3900,4500,5000,5300,6700,8100,10000,11000,14000,17000,17000,7851,1,3900,4363.765634950962,1005,16732,9714.149535091072
1748396613,500,,Aggregated,53.200000,0.000000,3900,4500,5000,5300,6700,8100,10000,11000,14000,17000,17000,7919,1,3900,4364.546281096098,1005,16732,9719.623942416973
1748396614,500,,Aggregated,58.400000,0.000000,3900,4500,5000,5300,6700,8100,10000,11000,14000,17000,17000,8028,1,3900,4365.871823617339,1005,16732,9727.711758844045
1748396615,500,,Aggregated,57.400000,0.000000,3900,4500,5000,5300,6700,8100,10000,11000,14000,17000,17000,8059,1,3900,4363.628986226579,1005,16732,9725.969723290731
1748396616,500,,Aggregated,57.100000,0.000000,3900,4500,5000,5300,6700,8100,10000,11000,14000,17000,17000,8126,2,3900,4355.612724587743,1005,16732,9730.688161457052
1748396617,500,,Aggregated,59.000000,0.000000,3900,4500,5000,5300,6700,8100,10000,11000,14000,17000,17000,8195,2,3900,4348.771934106162,1005,16732,9728.279560707748
1748396618,500,,Aggregated,58.600000,0.000000,3900,4500,5000,5300,6700,8000,10000,11000,14000,17000,17000,8236,2,3900,4344.522462360369,1005,16732,9727.451554152502
1748396619,500,,Aggregated,61.100000,0.100000,3900,4500,5000,5300,6600,8000,10000,11000,14000,17000,17000,8291,2,3900,4342.893860812929,1005,16732,9719.817271740441
1748396620,500,,Aggregated,60.100000,0.100000,3900,4500,5000,5300,6600,8000,10000,11000,14000,17000,17000,8336,2,3900,4339.927783109405,1005,16732,9719.029870441458
1748396621,500,,Aggregated,56.100000,0.100000,3900,4500,4900,5300,6600,8000,10000,11000,14000,17000,17000,8377,2,3900,4339.441804942104,1005,16732,9726.882177390475
1748396622,500,,Aggregated,57.100000,0.100000,3900,4500,5000,5300,6700,8000,10000,11000,14000,17000,17000,8420,2,3900,4344.27054631829,1005,16732,9745.19429928741
1748396623,500,,Aggregated,59.400000,0.100000,3900,4500,5000,5300,6600,8000,9900,11000,14000,17000,17000,8522,2,3900,4346.563365407182,1005,16732,9747.568763201127
1748396624,500,,Aggregated,56.400000,0.100000,3900,4500,5000,5300,6600,8000,9900,11000,14000,17000,17000,8593,2,3900,4345.510182706855,1005,16732,9752.383102525311
1748396625,500,,Aggregated,54.500000,0.100000,3900,4500,5000,5300,6600,8000,9900,11000,14000,17000,17000,8664,2,3900,4342.858841181902,1005,16732,9762.33056325023
1748396626,500,,Aggregated,56.500000,0.100000,3900,4500,4900,5300,6600,8000,9900,11000,14000,17000,17000,8729,2,3900,4336.367396036201,1005,16732,9756.024859663192
1748396627,500,,Aggregated,55.600000,0.100000,3900,4500,4900,5300,6600,8000,9900,11000,14000,17000,17000,8763,2,3900,4333.224922971585,1005,16732,9757.876412187607
1748396628,500,,Aggregated,58.300000,0.100000,3900,4500,4900,5300,6600,7900,9800,11000,14000,17000,17000,8829,2,3900,4329.308415449088,1005,16732,9755.278513987994
1748396629,500,,Aggregated,60.000000,0.000000,3900,4500,4900,5300,6600,7900,9800,11000,14000,17000,17000,8874,2,3900,4325.9578544061305,1005,16732,9757.606040117196
1748396630,500,,Aggregated,58.200000,0.000000,3900,4500,4900,5300,6600,7900,9800,11000,14000,17000,17000,8947,2,3900,4322.964457360009,1005,16732,9764.763719682574
1748396631,500,,Aggregated,61.400000,0.000000,3900,4500,4900,5300,6600,7900,9800,11000,14000,17000,17000,8985,2,3900,4323.823483583751,1005,16732,9771.73611574847
1748396632,500,,Aggregated,61.800000,0.000000,3900,4500,4900,5300,6500,7900,9800,11000,14000,17000,17000,9088,2,3900,4316.83076584507,1005,16732,9768.331866197183
1748396633,500,,Aggregated,58.300000,0.000000,3900,4500,4900,5200,6500,7900,9800,11000,14000,17000,17000,9122,2,3900,4315.010633632975,1005,16732,9772.737447928086
1748396634,500,,Aggregated,60.100000,0.000000,3900,4500,4900,5200,6500,7900,9800,11000,14000,17000,17000,9174,2,3900,4312.277196424679,1005,16732,9776.893503379115
1748396635,500,,Aggregated,63.400000,0.000000,3900,4500,4900,5200,6500,7900,9800,11000,14000,17000,17000,9221,2,3900,4310.827350612732,1005,16732,9780.503524563497
1748396636,500,,Aggregated,60.300000,0.000000,3900,4500,4900,5200,6500,7800,9700,11000,14000,17000,17000,9305,2,3900,4306.578183772165,1005,16732,9776.413003761418
1748396637,500,,Aggregated,61.000000,0.000000,3900,4500,4900,5200,6500,7800,9700,11000,14000,17000,17000,9346,2,3900,4304.456344960411,1005,16732,9779.296597474855
1748396638,500,,Aggregated,60.300000,0.000000,3900,4500,4900,5200,6500,7800,9700,11000,14000,17000,17000,9395,2,3900,4303.084406599255,1005,16732,9781.167961681746
1748396639,500,,Aggregated,57.200000,0.000000,3900,4500,4900,5200,6400,7800,9700,11000,14000,17000,17000,9470,2,3900,4303.883949313622,1005,16732,9785.90359028511
1748396640,500,,Aggregated,58.100000,0.000000,3900,4500,4900,5200,6500,7800,9700,11000,14000,17000,17000,9509,2,3900,4305.504364286466,1005,16732,9794.859817015458
1748396641,500,,Aggregated,54.200000,0.000000,3900,4500,4900,5200,6400,7800,9700,11000,14000,17000,17000,9619,2,3900,4304.933257095332,1005,16732,9809.041584364279
1748396642,500,,Aggregated,55.000000,0.000000,3900,4500,4900,5200,6400,7800,9700,11000,14000,17000,17000,9645,2,3900,4303.833903576983,1005,16732,9807.940383618456
1748396643,500,,Aggregated,59.400000,0.000000,3900,4500,4900,5200,6400,7800,9600,11000,14000,17000,17000,9702,2,3900,4301.056689342404,1005,16732,9807.789734075448
1748396644,500,,Aggregated,62.700000,0.000000,3900,4500,4900,5200,6400,7800,9600,11000,14000,17000,17000,9769,2,3900,4298.466373221415,1005,16732,9810.701300030709
1748396645,500,,Aggregated,58.700000,0.000000,3900,4500,4900,5200,6400,7800,9600,11000,14000,17000,17000,9811,2,3900,4297.124350219142,1005,16732,9808.713790643156
1748396646,500,,Aggregated,59.600000,0.000000,3900,4500,4900,5200,6400,7800,9600,11000,14000,17000,17000,9846,2,3900,4295.588767011985,1005,16732,9809.046617915905
1748396647,500,,Aggregated,56.400000,0.000000,3900,4500,4900,5200,6400,7800,9600,11000,14000,17000,17000,9933,2,3900,4298.2359810731905,1005,16732,9825.357092519884
1748396648,500,,Aggregated,54.300000,0.000000,3900,4500,4900,5200,6400,7800,9600,11000,14000,15000,17000,10018,2,3900,4297.51986424436,1005,16732,9832.116290676782
1748396649,500,,Aggregated,53.900000,0.000000,3900,4500,4900,5200,6400,7700,9600,11000,14000,15000,17000,10080,2,3900,4292.468055555555,1005,16732,9830.287996031746
1748396650,500,,Aggregated,58.000000,0.000000,3900,4500,4900,5200,6400,7700,9600,11000,14000,15000,17000,10143,2,3900,4287.59410430839,1005,16732,9828.84560780834
1748396651,500,,Aggregated,62.600000,0.000000,3900,4500,4900,5200,6300,7700,9500,11000,14000,15000,17000,10180,2,3900,4285.024066797642,1005,16732,9826.519351669942
1748396652,500,,Aggregated,61.600000,0.000000,3900,4500,4900,5200,6300,7700,9500,11000,14000,15000,17000,10240,2,3900,4281.98486328125,1005,16732,9821.7107421875
1748396653,500,,Aggregated,60.100000,0.000000,3900,4500,4900,5200,6300,7700,9500,11000,14000,15000,17000,10286,2,3900,4281.162551040249,1005,16732,9827.877017305074
1748396654,500,,Aggregated,56.400000,0.000000,3900,4500,4900,5200,6300,7700,9500,11000,14000,15000,17000,10350,2,3900,4282.501449275363,1005,16732,9837.100096618358
1748396655,500,,Aggregated,57.100000,0.000000,3900,4500,4900,5200,6300,7600,9500,11000,14000,15000,17000,10439,2,3900,4280.520547945205,1005,16732,9847.418909857266
1748396656,500,,Aggregated,59.300000,0.000000,3900,4500,4900,5200,6300,7600,9500,11000,14000,15000,17000,10492,3,3900,4277.4286122760195,432,16732,9850.067194052612
1748396657,500,,Aggregated,59.500000,0.000000,3900,4500,4900,5200,6300,7600,9500,11000,14000,15000,17000,10560,4,3900,4272.079071969697,303,16732,9855.817329545454
1748396658,500,,Aggregated,65.000000,0.000000,3900,4500,4900,5200,6300,7600,9500,11000,14000,15000,17000,10592,4,3900,4270.65917673716,303,16732,9859.878587613293
1748396659,500,,Aggregated,68.900000,0.100000,3900,4500,4900,5200,6300,7600,9400,11000,14000,15000,17000,10652,4,3900,4269.45935035674,303,16732,9859.614907998497
1748396660,500,,Aggregated,62.300000,0.200000,3900,4400,4900,5200,6300,7600,9400,11000,14000,15000,17000,10730,4,3900,4267.714259086672,303,16732,9863.837651444548
1748396661,500,,Aggregated,61.500000,0.200000,3900,4400,4800,5100,6300,7600,9400,11000,14000,15000,17000,10822,4,3900,4261.17168730364,303,16732,9861.012659397524
1748396662,500,,Aggregated,56.400000,0.200000,3900,4400,4800,5100,6300,7600,9400,11000,14000,15000,17000,10884,4,3900,4258.512219772143,303,16732,9875.340407938258
1748396663,500,,Aggregated,58.700000,0.200000,3900,4400,4800,5100,6300,7600,9400,11000,14000,15000,17000,10929,4,3900,4256.1673529142645,303,16732,9875.618720834476
1748396664,500,,Aggregated,63.500000,0.200000,3900,4400,4800,5100,6300,7600,9400,11000,14000,15000,17000,10987,4,3900,4252.812323655229,303,16732,9872.358787658142
1748396665,500,,Aggregated,63.700000,0.200000,3900,4400,4800,5100,6200,7600,9400,11000,14000,15000,17000,11070,4,3900,4246.061969286359,303,16732,9870.038663053298
1748396666,500,,Aggregated,61.000000,0.200000,3900,4400,4800,5100,6200,7600,9300,11000,14000,15000,17000,11142,4,3900,4238.903428468857,303,16732,9872.299587147729
1748396667,500,,Aggregated,63.000000,0.200000,3900,4400,4800,5100,6200,7500,9300,11000,14000,15000,17000,11162,4,3900,4237.636265902168,303,16732,9878.386400286687
1748396668,500,,Aggregated,62.400000,0.200000,3900,4400,4800,5100,6200,7500,9300,11000,14000,15000,17000,11246,4,3900,4231.251911790859,303,16732,9888.66227992175
1748396669,500,,Aggregated,61.400000,0.100000,3900,4400,4800,5100,6200,7500,9300,11000,14000,15000,17000,11305,4,3900,4225.656877487837,303,16732,9888.00849181778
1748396670,500,,Aggregated,60.300000,0.000000,3900,4400,4800,5100,6200,7500,9300,11000,14000,15000,17000,11357,4,3900,4219.900942150216,303,16732,9885.853042176632
1748396671,500,,Aggregated,61.700000,0.000000,3900,4400,4800,5100,6200,7500,9300,11000,14000,15000,17000,11429,4,3900,4212.933152506781,303,16732,9885.687461720185
1748396672,500,,Aggregated,65.200000,0.000000,3900,4400,4800,5100,6200,7500,9300,11000,14000,15000,17000,11487,4,3900,4211.403847827979,303,16732,9892.735614172543
1748396673,500,,Aggregated,62.300000,0.000000,3800,4400,4800,5100,6200,7500,9300,11000,14000,15000,17000,11582,4,3800,4203.552408910378,303,16732,9899.40105335866
1748396674,500,,Aggregated,60.100000,0.000000,3800,4400,4800,5100,6200,7500,9300,11000,14000,15000,17000,11636,4,3800,4197.720952217257,303,16732,9896.03145410794
1748396675,500,,Aggregated,61.500000,0.000000,3800,4400,4800,5100,6200,7500,9300,11000,14000,15000,17000,11685,4,3800,4193.184510055627,303,16732,9900.009328198545
1748396676,500,,Aggregated,65.200000,0.000000,3800,4400,4800,5100,6200,7500,9300,11000,14000,15000,17000,11709,4,3800,4191.285165257495,303,16732,9898.125032026646
1748396677,500,,Aggregated,63.900000,0.000000,3800,4400,4800,5100,6100,7500,9200,11000,14000,15000,17000,11803,4,3800,4186.618740998051,303,16732,9900.947809878844
1748396678,500,,Aggregated,60.200000,0.000000,3800,4400,4800,5100,6100,7500,9200,11000,14000,15000,17000,11834,4,3800,4184.847811390908,303,16732,9904.768125739394
1748396679,500,,Aggregated,58.100000,0.000000,3800,4400,4800,5100,6100,7400,9200,11000,14000,15000,17000,11900,4,3800,4181.746638655462,303,16732,9903.590252100841
1748396680,500,,Aggregated,64.400000,0.000000,3800,4400,4800,5100,6100,7400,9200,11000,14000,15000,17000,11922,4,3800,4181.137141419225,303,16732,9904.539422915619
1748396681,500,,Aggregated,58.500000,0.000000,3800,4400,4800,5000,6100,7400,9200,11000,14000,15000,17000,11985,4,3800,4179.990404672507,303,16732,9899.83813099708
1748396682,500,,Aggregated,59.600000,0.000000,3800,4400,4800,5000,6100,7400,9200,11000,14000,15000,17000,12071,4,3800,4181.202717256234,303,16732,9902.66605915003
1748396683,500,,Aggregated,57.400000,0.000000,3800,4400,4800,5000,6100,7400,9200,11000,14000,15000,17000,12128,4,3800,4181.399323878628,303,16732,9911.313077176781
1748396684,500,,Aggregated,56.300000,0.000000,3800,4400,4800,5000,6100,7400,9200,11000,14000,15000,17000,12177,4,3800,4182.13270920588,303,16732,9915.94423913936
1748396685,500,,Aggregated,57.100000,0.000000,3800,4400,4800,5000,6100,7400,9200,11000,14000,15000,17000,12236,4,3800,4181.175792742726,303,16732,9908.828457012096
1748396686,500,,Aggregated,54.600000,0.000000,3800,4400,4800,5000,6100,7400,9100,11000,14000,15000,17000,12260,4,3800,4180.788091353997,303,16732,9908.635073409461
1748396687,500,,Aggregated,54.300000,0.000000,3800,4400,4800,5000,6100,7400,9100,11000,14000,15000,17000,12337,4,3800,4181.5494852881575,303,16732,9906.675366782849
1748396688,500,,Aggregated,54.700000,0.000000,3800,4400,4800,5100,6100,7400,9100,11000,14000,15000,17000,12403,4,3800,4182.783036362171,303,16732,9906.16399258244
1748396689,500,,Aggregated,52.800000,0.000000,3800,4400,4800,5100,6100,7400,9100,11000,14000,15000,17000,12450,4,3800,4186.610763052209,303,16732,9915.01373493976
1748396690,500,,Aggregated,53.000000,0.000000,3800,4400,4800,5100,6100,7400,9100,11000,14000,15000,17000,12528,4,3800,4188.497844827586,303,16732,9924.579501915709
1748396691,500,,Aggregated,56.600000,0.000000,3800,4400,4800,5100,6100,7400,9100,11000,14000,15000,17000,12577,4,3800,4186.900453208237,303,16732,9923.55601494792
1748396692,500,,Aggregated,57.500000,0.000000,3800,4400,4800,5100,6100,7400,9100,11000,14000,15000,17000,12631,4,3800,4186.628770485314,303,16732,9925.416277412714
1748396693,500,,Aggregated,60.800000,0.000000,3800,4400,4800,5100,6100,7400,9100,11000,14000,15000,17000,12696,4,3800,4186.5248897290485,303,16732,9926.138390044109
1748396694,500,,Aggregated,60.200000,0.000000,3800,4400,4800,5100,6100,7400,9100,10000,14000,15000,17000,12749,4,3800,4189.190289434466,303,16732,9931.858420268256
1748396695,500,,Aggregated,58.000000,0.000000,3800,4400,4800,5100,6100,7300,9000,10000,14000,15000,17000,12859,4,3800,4188.047670891982,303,16732,9938.435337117971
1748396696,500,,Aggregated,56.900000,0.000000,3800,4400,4800,5100,6100,7300,9000,10000,14000,15000,17000,12939,4,3800,4185.9121261303035,303,16732,9946.927042275292
1748396697,500,,Aggregated,56.600000,0.000000,3800,4400,4800,5100,6100,7300,9000,10000,14000,15000,17000,12975,4,3800,4183.3787283237,303,16732,9948.043699421965
1748396698,500,,Aggregated,62.300000,0.000000,3800,4400,4800,5100,6100,7300,9000,10000,14000,15000,17000,13019,4,3800,4181.458253322067,303,16732,9955.136569629003
1748396699,500,,Aggregated,68.000000,0.000000,3800,4400,4800,5100,6100,7300,9000,10000,14000,15000,17000,13073,4,3800,4180.398148856421,303,16732,9951.288457125373
1748396700,500,,Aggregated,63.300000,0.000000,3800,4400,4800,5100,6100,7300,9000,10000,14000,15000,17000,13118,4,3800,4181.185622808355,303,16732,9949.76353102607
1748396701,500,,Aggregated,62.100000,0.000000,3800,4400,4800,5100,6100,7300,9000,10000,14000,15000,17000,13174,4,3800,4181.304615151055,303,16732,9953.758084105055
1748396702,500,,Aggregated,60.100000,0.000000,3800,4400,4800,5100,6100,7300,9000,10000,14000,15000,17000,13235,4,3800,4180.268152625614,303,16732,9953.693690970911
1748396703,500,,Aggregated,60.300000,0.000000,3800,4400,4800,5100,6100,7300,9000,10000,14000,15000,17000,13279,4,3800,4181.656826568265,303,16732,9954.039837337148
1748396704,500,,Aggregated,59.200000,0.000000,3800,4400,4800,5100,6100,7300,9000,10000,14000,15000,17000,13390,4,3800,4182.259372666169,303,16732,9965.572666168782
1748396705,500,,Aggregated,59.300000,0.000000,3800,4400,4800,5100,6100,7300,9000,10000,14000,15000,17000,13450,4,3800,4180.087286245353,303,16732,9962.452788104089
1748396706,500,,Aggregated,58.200000,0.000000,3800,4400,4800,5100,6100,7300,9000,10000,14000,15000,17000,13487,4,3800,4177.480981686068,303,16732,9959.187291465856
1748396707,500,,Aggregated,64.800000,0.000000,3800,4400,4800,5000,6100,7300,9000,10000,14000,15000,17000,13538,4,3800,4173.829664647658,303,16732,9953.161914610726
1748396708,500,,Aggregated,59.200000,0.000000,3800,4400,4800,5000,6100,7200,9000,10000,14000,15000,17000,13591,4,3800,4174.5525715547055,303,16732,9960.073136634537
1748396709,500,,Aggregated,55.200000,0.000000,3800,4400,4800,5100,6100,7200,9000,10000,14000,15000,17000,13646,4,3800,4176.613586398945,303,16732,9967.427304704675
1748396710,500,,Aggregated,56.300000,0.000000,3800,4400,4800,5000,6100,7200,9000,10000,14000,15000,17000,13684,4,3800,4175.703230049693,303,16732,9965.52294650687
1748396711,500,,Aggregated,57.600000,0.000000,3900,4400,4800,5100,6100,7200,9000,10000,14000,15000,17000,13736,4,3900,4177.492792661619,303,16732,9967.785963890507
1748396712,500,,Aggregated,57.700000,0.000000,3900,4400,4800,5100,6000,7200,8900,10000,14000,15000,17000,13840,4,3900,4179.649205202312,303,16732,9958.560765895954
1748396713,500,,Aggregated,55.400000,0.000000,3900,4400,4800,5100,6000,7200,8900,10000,14000,15000,17000,13911,4,3900,4179.0898569477395,303,16732,9958.6415067213
1748396714,500,,Aggregated,54.800000,0.000000,3900,4400,4800,5100,6000,7200,8900,10000,14000,15000,17000,13975,4,3900,4179.152200357782,303,16732,9967.991699463328
1748396715,500,,Aggregated,60.100000,0.000000,3900,4400,4800,5100,6000,7200,8900,10000,14000,15000,17000,14019,4,3900,4177.9837363578,303,16732,9969.432698480634
1748396716,500,,Aggregated,63.700000,0.000000,3800,4400,4800,5000,6000,7200,8900,10000,14000,15000,17000,14085,4,3800,4175.092864749734,303,16732,9967.04494142705
1748396717,500,,Aggregated,58.000000,0.000000,3800,4400,4800,5000,6000,7200,8900,10000,14000,15000,17000,14138,4,3800,4171.246215872117,303,16732,9965.606379968878
1748396718,500,,Aggregated,56.700000,0.000000,3800,4400,4800,5000,6000,7200,8800,10000,14000,15000,17000,14230,4,3800,4167.511454673226,303,16732,9976.612789880533
1748396719,500,,Aggregated,59.800000,0.000000,3800,4400,4800,5000,6000,7200,8800,10000,14000,15000,17000,14284,4,3800,4163.449243909269,303,16732,9980.093251190143
1748396720,500,,Aggregated,60.300000,0.000000,3800,4400,4700,5000,6000,7200,8800,10000,14000,15000,17000,14341,4,3800,4158.726518373893,303,16732,9978.659716895614
1748396721,500,,Aggregated,63.600000,0.000000,3800,4400,4700,5000,6000,7200,8800,10000,14000,15000,17000,14409,4,3800,4155.393226455687,303,16732,9985.947393989867
1748396722,500,,Aggregated,62.900000,0.000000,3800,4400,4700,5000,6000,7200,8800,10000,14000,15000,17000,14448,4,3800,4154.046442414175,303,16732,9985.179471207088
1748396723,500,,Aggregated,64.600000,0.000000,3800,4300,4700,5000,6000,7100,8800,10000,14000,15000,17000,14521,4,3800,4150.623855106398,303,16732,9979.781420012396
1748396724,500,,Aggregated,67.300000,0.000000,3800,4300,4700,5000,6000,7100,8800,10000,14000,15000,17000,14554,4,3800,4149.786381750721,303,16732,9980.119486051944
1748396725,500,,Aggregated,60.400000,0.000000,3800,4300,4700,5000,6000,7100,8800,10000,14000,15000,17000,14647,4,3800,4147.8477503925715,303,16732,9981.182699528914
1748396726,500,,Aggregated,60.600000,0.000000,3800,4300,4700,5000,6000,7100,8800,10000,14000,15000,17000,14693,4,3800,4145.7472265704755,303,16732,9981.760974613762
1748396727,500,,Aggregated,57.700000,0.000000,3800,4300,4700,5000,6000,7100,8800,10000,14000,15000,17000,14742,4,3800,4144.397164563831,303,16732,9982.901438068106
1748396728,500,,Aggregated,63.500000,0.000000,3800,4300,4700,5000,6000,7100,8800,10000,14000,15000,17000,14788,4,3800,4143.134433324317,303,16732,9982.390519340006
1748396729,500,,Aggregated,60.800000,0.000000,3800,4300,4700,5000,6000,7100,8700,10000,14000,15000,17000,14856,4,3800,4142.43887991384,303,16732,9984.662627894453
1748396730,500,,Aggregated,60.400000,0.000000,3800,4300,4700,5000,6000,7100,8700,10000,14000,15000,17000,14916,4,3800,4143.18765084473,303,16732,9983.66975060338
1748396731,500,,Aggregated,55.100000,0.000000,3800,4300,4700,5000,6000,7100,8700,10000,14000,15000,17000,15000,4,3800,4144.261466666667,303,16732,9986.392
1748396732,500,,Aggregated,57.200000,0.000000,3800,4300,4700,5000,6000,7100,8700,10000,13000,15000,17000,15068,4,3800,4143.50517653305,303,16732,9990.440868064774
1748396733,500,,Aggregated,57.400000,0.000000,3800,4300,4700,5000,6000,7100,8700,10000,13000,15000,17000,15121,4,3800,4142.064479862443,303,16732,9993.34137953839
1748396734,500,,Aggregated,59.100000,0.000000,3800,4300,4700,5000,6000,7100,8700,10000,13000,15000,17000,15166,4,3800,4140.771726229725,303,16732,9989.959910325728
1748396735,500,,Aggregated,62.000000,0.000000,3800,4300,4700,5000,6000,7100,8700,10000,13000,15000,17000,15227,4,3800,4139.388651737046,303,16732,9990.672423983713
1748396736,500,,Aggregated,59.800000,0.000000,3800,4300,4700,5000,6000,7100,8700,10000,13000,15000,17000,15303,4,3800,4139.887473044501,303,16732,9999.738547997125
1748396737,500,,Aggregated,61.200000,0.000000,3800,4300,4700,5000,6000,7100,8700,10000,13000,15000,17000,15357,4,3800,4139.496646480432,303,16732,10005.877840724099
1748396738,500,,Aggregated,57.300000,0.000000,3800,4300,4700,5000,6000,7100,8700,10000,13000,15000,17000,15409,4,3800,4139.032967746122,303,16732,10007.670127847361
1748396739,500,,Aggregated,60.600000,0.000000,3800,4300,4700,5000,6000,7100,8700,10000,13000,15000,17000,15469,4,3800,4139.330919904325,303,16732,10010.692287801408
1748396740,500,,Aggregated,60.900000,0.000000,3800,4300,4700,5000,5900,7000,8700,10000,13000,15000,17000,15542,4,3800,4136.432441127268,303,16732,10008.904645476772
1748396741,500,,Aggregated,62.300000,0.000000,3800,4300,4700,5000,5900,7000,8700,10000,13000,15000,17000,15607,4,3800,4133.83033254309,303,16732,10010.789325302749
1748396742,500,,Aggregated,62.500000,0.000000,3800,4300,4700,5000,5900,7000,8700,10000,13000,15000,17000,15660,4,3800,4130.950127713921,303,16732,10009.012005108556
1748396743,500,,Aggregated,63.600000,0.000000,3800,4300,4700,5000,5900,7000,8700,10000,13000,15000,17000,15719,4,3800,4130.307907627712,303,16732,10010.508492906674
1748396744,500,,Aggregated,60.800000,0.000000,3800,4300,4700,5000,5900,7000,8600,10000,13000,15000,17000,15762,4,3800,4129.241847481284,303,16732,10009.077591676183
1748396745,500,,Aggregated,60.100000,0.000000,3800,4300,4700,5000,5900,7000,8600,10000,13000,15000,17000,15860,4,3800,4129.08184110971,303,16732,10016.579319041613
1748396746,500,,Aggregated,59.800000,0.000000,3800,4300,4700,5000,5900,7000,8600,10000,13000,15000,17000,15903,4,3800,4127.7555807080425,303,16732,10018.47695403383
1748396747,500,,Aggregated,59.600000,0.000000,3800,4300,4700,5000,5900,7000,8600,10000,13000,15000,17000,15949,4,3800,4127.183585177754,303,16732,10021.821618910277
1748396748,500,,Aggregated,63.800000,0.000000,3800,4300,4700,5000,5900,7000,8600,10000,13000,15000,17000,15993,4,3800,4126.205652472957,303,16732,10021.484587006815
1748396749,500,,Aggregated,60.600000,0.000000,3800,4300,4700,5000,5900,7000,8600,10000,13000,15000,17000,16073,4,3800,4125.816213525789,303,16732,10019.252784172215
1748396750,500,,Aggregated,59.500000,0.000000,3800,4300,4700,5000,5900,7000,8600,10000,13000,15000,17000,16145,4,3800,4124.874450294209,303,16732,10016.762712914215
1748396751,500,,Aggregated,58.200000,0.000000,3800,4300,4700,5000,5900,7000,8600,10000,13000,15000,17000,16189,4,3800,4124.70374945951,303,16732,10023.66520476867
1748396752,500,,Aggregated,60.600000,0.000000,3800,4300,4700,5000,5900,7000,8600,10000,13000,15000,17000,16232,4,3800,4124.491190241498,303,16732,10027.248767865944
1748396753,500,,Aggregated,60.900000,0.000000,3800,4300,4700,5000,5900,7000,8600,10000,13000,15000,17000,16281,4,3800,4124.939192924267,303,16732,10029.603218475524
1748396754,500,,Aggregated,58.100000,0.000000,3800,4300,4700,5000,5900,7000,8600,10000,13000,15000,17000,16334,4,3800,4127.214338190278,303,16732,10033.790804456961
1748396755,500,,Aggregated,56.200000,0.000000,3800,4300,4700,5000,5900,7000,8600,10000,13000,15000,17000,16405,4,3800,4129.063456263334,303,16732,10037.409875038098
1748396756,500,,Aggregated,56.500000,0.000000,3800,4300,4700,5000,5900,7000,8600,10000,13000,15000,17000,16480,4,3800,4130.459101941748,303,16732,10042.671844660194
1748396757,500,,Aggregated,58.400000,0.000000,3800,4300,4700,5000,5900,7000,8600,10000,13000,15000,17000,16551,4,3800,4128.519847743339,303,16732,10037.130566128935
1748396759,500,,Aggregated,54.000000,0.000000,3800,4300,4700,5000,5900,7000,8600,10000,13000,15000,17000,16593,4,3800,4128.920448381848,303,16732,10039.15205207015
1748396760,500,,Aggregated,57.000000,0.000000,3800,4300,4700,5000,5900,7000,8600,10000,13000,15000,17000,16638,4,3800,4129.541411227311,303,16732,10037.859658612813
1748396761,500,,Aggregated,59.900000,0.000000,3800,4300,4700,5000,5900,7000,8600,10000,13000,15000,17000,16708,4,3800,4130.228872396457,303,16732,10035.809013646158
1748396762,500,,Aggregated,60.000000,0.000000,3800,4300,4700,5000,5900,7000,8600,10000,13000,15000,17000,16759,5,3800,4130.503908347753,189,16732,10039.555701414165
1748396763,500,,Aggregated,55.100000,0.000000,3800,4300,4700,5000,5900,7000,8600,10000,13000,15000,17000,16793,5,3800,4130.949264574525,189,16732,10042.378669683796
1748396764,500,,Aggregated,57.000000,0.100000,3800,4300,4700,5000,5900,7000,8600,10000,13000,15000,17000,16876,5,3800,4131.276902109505,189,16732,10043.597001659162
1748396765,500,,Aggregated,57.000000,0.100000,3800,4300,4700,5000,5900,7000,8600,10000,13000,15000,17000,16979,5,3800,4130.268390364568,189,16732,10046.759173096178
1748396766,500,,Aggregated,56.100000,0.100000,3800,4300,4700,5000,5900,7000,8600,10000,13000,15000,17000,17012,5,3800,4127.829590877028,189,16732,10047.248118974841
1748396767,500,,Aggregated,58.400000,0.100000,3800,4300,4700,5000,5900,7000,8600,10000,13000,15000,17000,17057,5,3800,4125.944304391159,189,16732,10048.477516562116
1748396768,500,,Aggregated,63.300000,0.100000,3800,4300,4700,5000,5900,7000,8600,10000,13000,15000,17000,17099,5,3800,4124.459559038541,189,16732,10046.93069770162
1748396769,500,,Aggregated,60.700000,0.100000,3800,4300,4700,5000,5900,7000,8600,9900,13000,15000,17000,17148,5,3800,4125.383718217868,189,16732,10049.092605551668
1748396770,500,,Aggregated,57.700000,0.100000,3800,4300,4700,5000,5900,7000,8600,9900,13000,15000,17000,17190,5,3800,4127.408260616638,189,16732,10052.261547411286
1748396771,500,,Aggregated,54.800000,0.100000,3800,4300,4700,5000,5900,7000,8600,9900,13000,15000,17000,17335,5,3800,4128.735621574849,189,16732,10062.40980674935
1748396772,500,,Aggregated,55.200000,0.100000,3800,4300,4700,5000,5900,7000,8600,9900,13000,15000,17000,17373,5,3800,4127.160191101134,189,16732,10065.344039601681
1748396773,500,,Aggregated,55.200000,0.100000,3800,4300,4700,5000,5900,7000,8600,9900,13000,15000,17000,17414,5,3800,4126.038589640519,189,16732,10061.709199494659
1748396774,500,,Aggregated,60.900000,0.000000,3800,4300,4700,5000,5900,7000,8600,9900,13000,15000,17000,17522,5,3800,4122.22018034471,189,16732,10061.595993608036
1748396775,500,,Aggregated,60.900000,0.000000,3800,4300,4700,5000,5900,7000,8600,9900,13000,15000,17000,17569,5,3800,4120.557743753202,189,16732,10068.380272070124
1748396776,500,,Aggregated,65.100000,0.000000,3800,4300,4700,5000,5900,7000,8600,9900,13000,15000,17000,17633,5,3800,4117.10480349345,189,16732,10066.564623149776
1748396777,500,,Aggregated,65.100000,0.000000,3800,4300,4700,5000,5900,7000,8600,9900,13000,15000,17000,17658,5,3800,4116.15182919923,189,16732,10067.779929776872
1748396778,500,,Aggregated,61.900000,0.000000,3800,4300,4700,5000,5900,6900,8600,9900,13000,15000,17000,17736,5,3800,4114.340155615697,189,16732,10070.758400992332
1748396779,500,,Aggregated,61.900000,0.000000,3800,4300,4700,5000,5900,6900,8600,9900,13000,15000,17000,17784,5,3800,4112.206983805668,189,16732,10068.092105263158
1748396780,500,,Aggregated,62.700000,0.000000,3800,4300,4700,5000,5900,6900,8600,9800,13000,15000,17000,17852,5,3800,4110.036466502353,189,16732,10067.620546717455
1748396781,500,,Aggregated,62.700000,0.000000,3800,4300,4700,5000,5900,6900,8600,9800,13000,15000,17000,17923,5,3800,4106.6495006416335,189,16732,10071.651509233945
1748396782,500,,Aggregated,63.600000,0.000000,3800,4300,4700,5000,5900,6900,8600,9800,13000,15000,17000,17975,5,3800,4105.00461752434,189,16732,10071.886175243393
1748396783,500,,Aggregated,58.800000,0.000000,3800,4300,4700,5000,5900,6900,8600,9800,13000,15000,17000,18003,5,3800,4103.773593290007,189,16732,10071.704438149198
1748396784,500,,Aggregated,58.800000,0.000000,3800,4300,4700,5000,5900,6900,8600,9800,13000,15000,17000,18078,5,3800,4102.643931850868,189,16732,10072.116550503375
1748396785,500,,Aggregated,60.700000,0.000000,3800,4300,4700,5000,5900,6900,8600,9800,13000,15000,17000,18135,5,3800,4102.977722635787,189,16732,10074.913482216709
1748396786,500,,Aggregated,55.900000,0.000000,3800,4300,4700,5000,5900,6900,8500,9800,13000,15000,17000,18222,5,3800,4100.891779168039,189,16732,10075.714520908792
1748396787,500,,Aggregated,56.600000,0.000000,3800,4300,4700,5000,5900,6900,8500,9800,13000,15000,17000,18269,5,3800,4098.385023810827,189,16732,10073.920466363787
1748396788,500,,Aggregated,58.700000,0.000000,3800,4300,4700,5000,5900,6900,8500,9800,13000,15000,17000,18317,5,3800,4097.72675656494,189,16732,10074.786755473058
1748396789,500,,Aggregated,58.700000,0.000000,3800,4300,4700,5000,5900,6900,8500,9800,13000,15000,17000,18350,5,3800,4097.109645776567,189,16732,10073.003814713897
1748396790,500,,Aggregated,61.000000,0.000000,3800,4300,4700,5000,5900,6900,8500,9800,13000,15000,17000,18405,5,3800,4096.627818527574,189,16732,10073.392882368922
1748396791,500,,Aggregated,58.300000,0.000000,3800,4300,4700,5000,5900,6900,8500,9800,13000,15000,17000,18528,5,3800,4095.0342724525044,189,16732,10076.72295984456
1748396792,500,,Aggregated,56.600000,0.000000,3800,4300,4700,4900,5900,6900,8500,9800,13000,15000,17000,18589,5,3800,4092.1305610845125,189,16732,10074.721394373017
1748396793,500,,Aggregated,56.100000,0.000000,3800,4300,4700,4900,5800,6900,8500,9800,13000,15000,17000,18624,5,3800,4090.6702641752577,189,16732,10075.883000429554
1748396794,500,,Aggregated,61.400000,0.000000,3800,4300,4700,4900,5800,6900,8500,9800,13000,15000,17000,18660,5,3800,4090.742175777063,189,16732,10074.195391211148
1748396795,500,,Aggregated,62.200000,0.000000,3800,4300,4700,4900,5800,6900,8500,9800,13000,15000,17000,18727,5,3800,4089.7243552090563,189,16732,10072.014631281038
1748396796,500,,Aggregated,57.500000,0.000000,3800,4300,4700,4900,5800,6900,8500,9800,13000,15000,17000,18754,5,3800,4089.5855284206036,189,16732,10073.907166471154
1748396797,500,,Aggregated,58.100000,0.000000,3800,4300,4700,4900,5800,6900,8500,9700,13000,15000,17000,18832,5,3800,4089.9869902293967,189,16732,10075.436172472388
1748396798,500,,Aggregated,53.300000,0.000000,3800,4300,4700,4900,5800,6900,8500,9700,13000,15000,17000,18886,5,3800,4090.630572911151,189,16732,10077.716933178015
1748396799,500,,Aggregated,56.000000,0.000000,3800,4300,4700,4900,5800,6900,8500,9700,13000,15000,17000,18935,5,3800,4090.59308159493,189,16732,10077.193609717455
1748396800,500,,Aggregated,57.600000,0.000000,3800,4300,4700,4900,5800,6900,8500,9700,13000,15000,17000,18985,5,3800,4091.036081116671,189,16732,10081.07595470108
1748396801,500,,Aggregated,57.600000,0.000000,3800,4300,4700,4900,5800,6800,8500,9700,13000,15000,17000,19081,5,3800,4090.3779676117606,189,16732,10084.010586447252
1748396802,500,,Aggregated,57.900000,0.000000,3800,4300,4700,4900,5800,6800,8500,9700,13000,15000,17000,19139,5,3800,4088.3406134071793,189,16732,10085.519462876848
1748396803,500,,Aggregated,57.900000,0.000000,3800,4300,4700,4900,5800,6800,8400,9700,13000,15000,17000,19194,5,3800,4086.5328227571117,189,16732,10083.48410961759
1748396804,500,,Aggregated,54.900000,0.000000,3800,4300,4700,4900,5800,6800,8400,9700,13000,15000,17000,19260,5,3800,4086.123416407061,189,16732,10083.120041536864
1748396805,500,,Aggregated,57.000000,0.000000,3800,4300,4700,4900,5800,6800,8400,9700,13000,15000,17000,19308,5,3800,4085.904702713901,189,16732,10083.466179821835
1748396806,500,,Aggregated,57.000000,0.000000,3800,4300,4700,4900,5800,6800,8400,9700,13000,15000,17000,19373,5,3800,4083.453517782481,189,16732,10078.71398337893
1748396807,500,,Aggregated,58.500000,0.000000,3800,4300,4700,4900,5800,6800,8400,9700,13000,15000,17000,19421,5,3800,4082.9005715462645,189,16732,10081.87122187323
1748396808,500,,Aggregated,58.500000,0.000000,3800,4300,4700,4900,5800,6800,8400,9700,13000,15000,17000,19477,5,3800,4083.7105303691533,189,16732,10089.293320326538
1748396809,500,,Aggregated,58.900000,0.000000,3800,4300,4700,4900,5800,6800,8400,9700,13000,15000,17000,19498,5,3800,4084.927479741512,189,16732,10092.682839265566
1748396810,500,,Aggregated,59.200000,0.000000,3800,4300,4700,4900,5800,6800,8400,9700,13000,15000,17000,19588,5,3800,4086.986573412293,189,16732,10099.848631815397
1748396811,500,,Aggregated,55.600000,0.000000,3800,4300,4700,4900,5800,6800,8400,9700,13000,15000,17000,19679,5,3800,4088.343106865186,189,16732,10100.184968748412
1748396812,500,,Aggregated,60.300000,0.000000,3800,4300,4700,4900,5800,6800,8400,9600,13000,15000,17000,19706,5,3800,4088.1049934030243,189,16732,10099.647975235968
1748396813,500,,Aggregated,59.400000,0.000000,3800,4300,4700,4900,5800,6800,8400,9600,13000,15000,17000,19771,5,3800,4087.4798947954073,189,16732,10095.123868291943
1748396814,500,,Aggregated,56.100000,0.000000,3800,4300,4700,4900,5800,6800,8400,9600,13000,15000,17000,19802,5,3800,4087.518987981012,189,16732,10095.585395414604
1748396815,500,,Aggregated,57.600000,0.000000,3800,4300,4700,4900,5800,6800,8400,9600,13000,15000,17000,19832,5,3800,4088.016085114966,189,16732,10094.191357402178
1748396816,500,,Aggregated,55.800000,0.000000,3800,4300,4700,4900,5800,6800,8400,9600,13000,15000,17000,19878,5,3800,4089.416490592615,189,16732,10092.829459704195
1748396817,500,,Aggregated,52.000000,0.000000,3800,4300,4700,5000,5800,6800,8400,9600,13000,15000,17000,19970,5,3800,4094.5160741111667,189,16732,10101.407911867802
1748396818,500,,Aggregated,50.100000,0.000000,3800,4300,4700,5000,5800,6800,8400,9600,13000,15000,17000,20068,5,3800,4096.867301176002,189,16732,10110.612965915887
1748396819,500,,Aggregated,55.100000,0.000000,3800,4300,4700,5000,5800,6800,8400,9600,13000,15000,17000,20097,5,3800,4097.233666716425,189,16732,10110.548688859033
1748396820,500,,Aggregated,58.300000,0.000000,3800,4300,4700,5000,5800,6800,8400,9600,13000,15000,17000,20176,5,3800,4096.164601506741,189,16732,10105.515414353687
1748396821,500,,Aggregated,58.300000,0.000000,3800,4300,4700,5000,5800,6800,8400,9600,13000,15000,17000,20201,5,3800,4095.963615662591,189,16732,10107.169991584575
1748396822,500,,Aggregated,57.200000,0.000000,3800,4300,4700,5000,5800,6800,8400,9600,13000,15000,17000,20285,5,3800,4096.959921123983,189,16732,10111.128074932216
1748396823,500,,Aggregated,52.600000,0.000000,3800,4300,4700,5000,5900,6800,8400,9600,13000,15000,17000,20343,5,3800,4097.896377132183,189,16732,10114.792754264367
1748396824,500,,Aggregated,57.700000,0.000000,3800,4300,4700,5000,5900,6800,8400,9600,13000,15000,17000,20374,5,3800,4097.595317561598,189,16732,10115.42323549622
1748396825,500,,Aggregated,57.700000,0.000000,3800,4300,4700,5000,5800,6800,8400,9600,13000,15000,17000,20426,5,3800,4097.012973661021,189,16732,10112.559140311369
1748396826,500,,Aggregated,57.200000,0.000000,3800,4300,4700,5000,5800,6800,8400,9600,13000,15000,17000,20453,5,3800,4097.351342101403,189,16732,10113.837041020877
1748396827,500,,Aggregated,60.500000,0.000000,3800,4300,4700,5000,5800,6800,8400,9600,13000,15000,17000,20510,5,3800,4098.100585080449,189,16732,10112.63398342272
1748396828,500,,Aggregated,57.900000,0.000000,3800,4300,4700,5000,5900,6800,8400,9600,13000,15000,17000,20571,5,3800,4100.603227845025,189,16732,10114.300131252734
1748396829,500,,Aggregated,53.900000,0.000000,3800,4300,4700,5000,5900,6900,8400,9600,13000,15000,17000,20687,5,3800,4103.589017257214,189,16732,10115.034659447963
1748396830,500,,Aggregated,50.800000,0.000000,3800,4300,4700,5000,5900,6800,8400,9600,13000,15000,17000,20734,5,3800,4103.388347641555,189,16732,10114.487604900163
1748396831,500,,Aggregated,58.800000,0.000000,3800,4300,4700,5000,5900,6800,8400,9600,13000,15000,17000,20789,5,3800,4102.358218288518,189,16732,10114.425321083265
1748396832,500,,Aggregated,58.800000,0.000000,3800,4300,4700,5000,5900,6800,8400,9600,13000,15000,17000,20830,5,3800,4101.381132981277,189,16732,10112.996303408545
1748396833,500,,Aggregated,56.300000,0.000000,3800,4300,4700,5000,5800,6800,8300,9600,13000,15000,17000,20881,5,3800,4101.740529668119,189,16732,10113.944111872037
1748396834,500,,Aggregated,57.500000,0.000000,3800,4300,4700,5000,5800,6800,8300,9600,13000,15000,17000,20944,5,3800,4100.610198624904,189,16732,10113.70320855615
1748396835,500,,Aggregated,53.900000,0.000000,3800,4300,4700,5000,5800,6800,8300,9600,13000,15000,17000,21035,5,3800,4099.743332541003,189,16732,10118.494223912527
1748396836,500,,Aggregated,57.400000,0.000000,3800,4300,4700,5000,5800,6800,8300,9600,13000,15000,17000,21099,5,3800,4098.053841414285,189,16732,10121.234608275274
1748396837,500,,Aggregated,59.900000,0.000000,3800,4300,4700,5000,5800,6800,8300,9600,13000,15000,17000,21120,5,3800,4097.357149621213,189,16732,10122.287263257576
1748396838,500,,Aggregated,59.900000,0.000000,3800,4300,4700,5000,5800,6800,8300,9600,13000,15000,17000,21136,5,3800,4097.24683005299,189,16732,10122.45434330053
1748396839,500,,Aggregated,61.100000,0.000000,3800,4300,4700,5000,5800,6800,8300,9500,13000,15000,17000,21226,5,3800,4098.219683407142,189,16732,10125.584094977858
1748396840,500,,Aggregated,56.800000,0.000000,3800,4300,4700,5000,5800,6800,8300,9500,13000,15000,17000,21320,5,3800,4098.260928705441,189,16732,10126.678095684803
1748396841,500,,Aggregated,56.800000,0.000000,3800,4300,4700,5000,5800,6800,8300,9500,13000,15000,17000,21352,5,3800,4097.267328587486,189,16732,10124.980891719746
1748396842,500,,Aggregated,54.500000,0.000000,3800,4300,4700,5000,5800,6800,8300,9500,13000,15000,17000,21393,5,3800,4096.119945776656,189,16732,10123.130977422521
1748396843,500,,Aggregated,57.600000,0.000000,3800,4300,4700,5000,5800,6800,8300,9500,13000,15000,17000,21463,5,3800,4096.246004752365,189,16732,10124.495969808508
1748396844,500,,Aggregated,57.600000,0.000000,3800,4300,4700,5000,5800,6800,8300,9500,13000,15000,17000,21516,5,3800,4096.528769287972,189,16732,10123.950734337237
1748396845,500,,Aggregated,56.600000,0.000000,3800,4300,4700,5000,5800,6800,8300,9500,13000,15000,17000,21563,5,3800,4096.846496313129,189,16732,10127.03552381394
1748396846,500,,Aggregated,57.200000,0.000000,3800,4300,4700,5000,5800,6800,8300,9500,13000,15000,17000,21622,5,3800,4097.419803903432,189,16732,10126.862871149755
1748396847,500,,Aggregated,52.800000,0.000000,3800,4300,4700,5000,5800,6800,8300,9500,13000,15000,17000,21673,5,3800,4098.540211322844,189,16732,10126.104184930558
1748396848,500,,Aggregated,51.900000,0.000000,3800,4300,4700,5000,5800,6800,8300,9500,13000,15000,17000,21707,5,3800,4099.540194407334,189,16732,10124.980605334684
1748396849,500,,Aggregated,51.900000,0.000000,3800,4300,4700,5000,5800,6800,8300,9500,13000,15000,17000,21777,5,3800,4101.882995821279,189,16732,10125.532763925243
1748396850,500,,Aggregated,55.000000,0.000000,3800,4300,4700,5000,5800,6800,8300,9500,13000,15000,17000,21803,5,3800,4102.850387561345,189,16732,10127.756822455625
1748396851,500,,Aggregated,55.500000,0.000000,3800,4300,4700,5000,5800,6800,8300,9500,13000,15000,17000,21884,5,3800,4105.485240358253,189,16732,10134.165828916102
1748396852,500,,Aggregated,49.200000,0.000000,3800,4300,4700,5000,5900,6800,8300,9500,13000,15000,17000,21959,5,3800,4107.969397513548,189,16732,10132.198278610136
1748396853,500,,Aggregated,53.000000,0.000000,3800,4300,4700,5000,5900,6800,8300,9500,13000,15000,17000,22068,5,3800,4109.812126155519,189,16732,10137.50126880551
1748396854,500,,Aggregated,56.300000,0.000000,3800,4300,4700,5000,5900,6800,8300,9500,13000,15000,17000,22092,5,3800,4109.516793409379,189,16732,10137.457179069346
1748396855,500,,Aggregated,61.600000,0.000000,3800,4300,4700,5000,5900,6800,8300,9500,13000,15000,17000,22124,5,3800,4109.508271560297,189,16732,10138.137407340444
1748396856,500,,Aggregated,57.000000,0.000000,3800,4300,4700,5000,5800,6800,8300,9500,13000,15000,17000,22175,5,3800,4108.807125140925,189,16732,10135.283201803833
1748396857,500,,Aggregated,56.300000,0.000000,3800,4300,4700,5000,5900,6800,8300,9500,13000,15000,17000,22250,5,3800,4109.589528089888,189,16732,10136.029168539326
1748396858,500,,Aggregated,56.300000,0.000000,3800,4300,4700,5000,5800,6800,8300,9500,13000,15000,17000,22319,5,3800,4108.640844123841,189,16732,10136.82257269591
1748396859,500,,Aggregated,55.500000,0.000000,3800,4300,4700,5000,5900,6800,8300,9500,13000,15000,17000,22381,5,3800,4108.415575711541,189,16732,10138.823153567759
1748396860,500,,Aggregated,61.600000,0.000000,3800,4300,4700,5000,5900,6800,8300,9500,13000,15000,17000,22481,5,3800,4107.102842400249,189,16732,10143.354832970064
1748396861,500,,Aggregated,60.400000,0.000000,3800,4300,4700,5000,5900,6800,8300,9400,13000,15000,17000,22535,5,3800,4105.636210339472,189,16732,10146.576303527845
1748396862,500,,Aggregated,67.100000,0.000000,3800,4300,4700,5000,5800,6800,8300,9400,13000,15000,17000,22591,5,3800,4103.779381169492,189,16732,10148.854145456155
1748396863,500,,Aggregated,64.400000,0.000000,3800,4300,4700,5000,5800,6800,8300,9400,13000,15000,17000,22642,5,3800,4102.333716102818,189,16732,10147.783058033743
1748396864,500,,Aggregated,61.000000,0.000000,3800,4300,4700,5000,5800,6800,8200,9400,13000,15000,17000,22668,5,3800,4101.749161814011,189,16732,10147.70063525675
1748396865,500,,Aggregated,61.000000,0.000000,3800,4300,4700,5000,5800,6800,8200,9400,13000,15000,17000,22716,5,3800,4100.593634442684,189,16732,10145.900994893467
1748396866,500,,Aggregated,56.600000,0.000000,3800,4300,4700,5000,5800,6800,8200,9400,13000,15000,17000,22808,5,3800,4099.091985268327,189,16732,10143.804893019993
1748396867,500,,Aggregated,60.000000,0.000000,3800,4300,4700,5000,5800,6800,8200,9400,13000,15000,17000,22832,5,3800,4100.156315697267,189,16732,10149.52097932726
1748396868,500,,Aggregated,63.200000,0.000000,3800,4300,4700,5000,5800,6800,8200,9400,13000,15000,17000,22847,5,3800,4100.993259508907,189,16732,10154.227163303716
1748396869,500,,Aggregated,57.000000,0.000000,3800,4300,4700,5000,5800,6800,8200,9400,13000,15000,17000,22907,5,3800,4103.007246693151,189,16732,10154.864975771598
1748396870,500,,Aggregated,52.600000,0.000000,3800,4300,4700,5000,5800,6800,8200,9400,13000,15000,17000,23017,5,3800,4106.427683885823,189,16732,10156.87061736977
1748396871,500,,Aggregated,52.000000,0.000000,3800,4300,4700,5000,5900,6800,8200,9400,13000,15000,17000,23068,5,3800,4108.4801890064155,189,16732,10159.456606554535
1748396872,500,,Aggregated,50.900000,0.000000,3800,4300,4700,5000,5900,6800,8200,9400,13000,15000,17000,23132,5,3800,4109.310954521874,189,16732,10157.770015562857
1748396873,500,,Aggregated,53.400000,0.000000,3800,4300,4700,5000,5900,6800,8200,9400,13000,15000,17000,23190,5,3800,4110.597671410091,189,16732,10157.788313928417
1748396874,500,,Aggregated,52.600000,0.000000,3800,4300,4700,5000,5900,6800,8200,9400,13000,15000,17000,23244,5,3800,4112.565737394597,189,16732,10158.734124935467
1748396875,500,,Aggregated,54.200000,0.000000,3800,4300,4700,5000,5900,6800,8200,9400,13000,15000,17000,23294,6,3800,4112.205761140208,189,16732,10157.49326006697
1748396876,500,,Aggregated,59.100000,0.000000,3800,4300,4700,5000,5900,6800,8200,9400,13000,15000,17000,23337,6,3800,4112.81124394738,189,16732,10158.366799502935
1748396877,500,,Aggregated,56.800000,0.100000,3800,4300,4700,5000,5900,6800,8200,9400,13000,15000,17000,23358,6,3800,4112.793047349945,189,16732,10156.458986214573
1748396878,500,,Aggregated,53.100000,0.100000,3800,4400,4700,5000,5900,6800,8200,9400,13000,15000,17000,23465,6,3800,4115.348476454294,189,16732,10164.871936927339
1748396879,500,,Aggregated,54.800000,0.100000,3800,4400,4700,5000,5900,6800,8200,9400,13000,15000,17000,23514,6,3800,4116.051075954751,189,16732,10164.58467296079
1748396880,500,,Aggregated,54.800000,0.100000,3800,4400,4700,5000,5900,6800,8200,9400,13000,15000,17000,23574,6,3800,4116.170314753542,189,16732,10165.372486637822
1748396881,500,,Aggregated,60.100000,0.100000,3800,4400,4700,5000,5900,6800,8200,9400,13000,15000,17000,23603,6,3800,4116.195271787485,189,16732,10165.106088209126
1748396882,500,,Aggregated,59.100000,0.100000,3800,4400,4700,5000,5900,6800,8200,9400,13000,15000,17000,23674,6,3800,4116.182647630311,189,16732,10161.13326856467
1748396883,500,,Aggregated,53.900000,0.100000,3800,4400,4700,5000,5900,6800,8200,9300,13000,15000,17000,23741,6,3800,4115.931047554863,189,16732,10161.631776252054
1748396884,500,,Aggregated,57.400000,0.100000,3800,4400,4700,5000,5900,6800,8200,9300,13000,15000,17000,23781,7,3800,4117.0709389849035,189,16732,10163.442580211093
1748396885,500,,Aggregated,55.900000,0.100000,3800,4400,4700,5000,5900,6800,8200,9300,13000,15000,17000,23869,7,3800,4119.59193933554,189,16732,10163.313628555867
1748396886,500,,Aggregated,50.900000,0.100000,3800,4400,4700,5000,5900,6800,8200,9300,13000,15000,17000,23942,7,3800,4120.402180268983,189,16732,10165.864171748392
1748396887,500,,Aggregated,54.000000,0.100000,3800,4400,4700,5000,5900,6800,8200,9300,13000,15000,17000,23968,7,3800,4120.233060747663,189,16732,10168.670769359145
1748396888,500,,Aggregated,60.700000,0.100000,3800,4400,4700,5000,5900,6800,8200,9300,13000,15000,17000,23999,7,3800,4119.7222384266015,189,16732,10170.241843410142
1748396889,500,,Aggregated,60.500000,0.100000,3800,4400,4700,5000,5900,6800,8200,9300,13000,15000,17000,24090,7,3800,4118.60207555002,189,16732,10169.409215442092
1748396890,500,,Aggregated,56.600000,0.100000,3800,4400,4700,5000,5900,6800,8200,9300,13000,15000,17000,24156,7,3800,4118.12916045703,189,16732,10168.667825798973
1748396891,500,,Aggregated,58.000000,0.100000,3800,4400,4700,5000,5900,6800,8200,9300,13000,15000,17000,24178,7,3800,4117.531185375135,189,16732,10167.923525519067
1748396892,500,,Aggregated,57.600000,0.100000,3800,4400,4700,5000,5900,6800,8200,9300,13000,15000,17000,24262,7,3800,4117.904954249444,189,16732,10167.084659137747
1748396893,500,,Aggregated,57.500000,0.100000,3800,4400,4700,5000,5900,6800,8200,9300,13000,15000,17000,24333,7,3800,4119.223770188632,189,16732,10170.280401101385
1748396894,500,,Aggregated,58.900000,0.100000,3800,4400,4700,5000,5900,6800,8200,9300,13000,15000,17000,24366,7,3800,4119.95354182057,189,16732,10172.47718131823
1748396895,500,,Aggregated,56.800000,0.100000,3800,4400,4700,5000,5900,6800,8200,9300,13000,15000,17000,24437,7,3800,4119.938740434587,189,16732,10172.06825715104
1748396896,500,,Aggregated,59.100000,0.100000,3800,4400,4700,5000,5900,6800,8200,9300,13000,15000,17000,24507,7,3800,4118.951116007671,189,16732,10170.400008160934
1748396897,500,,Aggregated,59.100000,0.000000,3800,4400,4700,5000,5900,6800,8200,9300,13000,15000,17000,24552,7,3800,4120.394550342131,189,16732,10174.365713587487
1748396898,500,,Aggregated,57.000000,0.000000,3800,4400,4700,5000,5900,6800,8200,9300,13000,15000,17000,24617,7,3800,4119.9795263435835,189,16732,10175.384734126823
1748396899,500,,Aggregated,57.100000,0.000000,3800,4400,4700,5000,5900,6800,8200,9300,13000,15000,17000,24671,7,3800,4119.378136273357,189,16732,10179.465323659357
1748396900,500,,Aggregated,58.600000,0.000000,3800,4400,4700,5000,5900,6800,8200,9300,13000,15000,17000,24750,7,3800,4116.221050505051,189,16732,10178.513333333334
1748396901,500,,Aggregated,57.900000,0.000000,3800,4400,4700,5000,5900,6800,8200,9300,13000,15000,17000,24799,7,3800,4115.116415984516,189,16732,10178.956732126295
1748396902,500,,Aggregated,55.900000,0.000000,3800,4400,4700,5000,5900,6800,8200,9300,13000,15000,17000,24849,7,3800,4114.212000482917,189,16732,10178.268944424322
1748396903,500,,Aggregated,55.900000,0.000000,3800,4300,4700,5000,5900,6800,8200,9300,13000,15000,17000,24922,7,3800,4112.2007062033545,189,16732,10177.291349008909
1748396904,500,,Aggregated,59.300000,0.000000,3800,4300,4700,5000,5900,6800,8100,9300,13000,15000,17000,24982,7,3800,4110.706188455688,189,16732,10181.16900168121
1748396905,500,,Aggregated,62.800000,0.000000,3800,4300,4700,5000,5900,6800,8100,9300,13000,15000,17000,25062,7,3800,4108.605418561966,189,16732,10181.085627643444
1748396906,500,,Aggregated,63.400000,0.000000,3800,4300,4700,5000,5800,6800,8100,9300,13000,15000,17000,25102,7,3800,4107.206557246434,189,16732,10177.951756832124
1748396907,500,,Aggregated,62.100000,0.000000,3800,4300,4700,5000,5800,6800,8100,9300,13000,15000,17000,25134,7,3800,4107.078936898226,189,16732,10181.487308028965
1748396908,500,,Aggregated,59.200000,0.000000,3800,4300,4700,5000,5800,6800,8100,9300,13000,15000,17000,25205,7,3800,4106.285935330292,189,16732,10183.028684784766
1748396909,500,,Aggregated,59.000000,0.000000,3800,4300,4700,5000,5800,6800,8100,9300,13000,15000,17000,25274,7,3800,4106.289388304186,189,16732,10182.124831843
1748396910,500,,Aggregated,61.800000,0.000000,3800,4300,4700,5000,5800,6800,8100,9300,13000,15000,17000,25302,7,3800,4106.30088530551,189,16732,10181.96688008853
1748396911,500,,Aggregated,58.200000,0.000000,3800,4300,4700,5000,5800,6800,8100,9300,13000,15000,17000,25382,7,3800,4105.342250413679,189,16732,10182.356788275156
1748396912,500,,Aggregated,57.300000,0.000000,3800,4300,4700,5000,5800,6800,8100,9300,13000,15000,17000,25450,7,3800,4104.627387033399,189,16732,10184.204715127702
1748396913,500,,Aggregated,61.600000,0.000000,3800,4300,4700,5000,5800,6800,8100,9200,13000,15000,17000,25522,7,3800,4103.221103361806,189,16732,10185.146422694146
1748396914,500,,Aggregated,59.600000,0.000000,3800,4300,4700,5000,5800,6800,8100,9200,13000,15000,17000,25570,7,3800,4101.654634337114,189,16732,10183.511615174031
1748396915,500,,Aggregated,57.200000,0.000000,3800,4300,4700,5000,5800,6800,8100,9200,13000,15000,17000,25600,7,3800,4101.4676171875,189,16732,10184.21515625
1748396916,500,,Aggregated,57.000000,0.000000,3800,4300,4700,5000,5800,6800,8100,9200,13000,15000,17000,25701,7,3800,4100.773432940353,189,16732,10183.768374771409
1748396917,500,,Aggregated,54.300000,0.000000,3800,4300,4700,5000,5800,6800,8100,9200,13000,15000,17000,25750,7,3800,4099.970097087378,189,16732,10184.023961165049
1748396918,500,,Aggregated,55.900000,0.000000,3800,4300,4700,5000,5800,6800,8100,9200,13000,15000,17000,25821,7,3800,4099.174083110646,189,16732,10187.489640215328
1748396919,500,,Aggregated,60.200000,0.000000,3800,4300,4700,5000,5800,6800,8100,9200,13000,15000,17000,25861,7,3800,4098.39870847995,189,16732,10186.250145005994
1748396920,500,,Aggregated,59.800000,0.000000,3800,4300,4700,5000,5800,6800,8100,9200,13000,15000,17000,25918,7,3800,4097.10178254495,189,16732,10184.578748360213
1748396921,500,,Aggregated,61.500000,0.000000,3800,4300,4700,5000,5800,6800,8100,9200,13000,15000,17000,25970,7,3800,4096.5830958798615,189,16732,10184.719638043896
1748396922,500,,Aggregated,63.400000,0.000000,3800,4300,4700,5000,5800,6800,8100,9200,13000,15000,17000,26035,7,3800,4096.060917995007,189,16732,10189.041905127713
1748396923,500,,Aggregated,57.800000,0.000000,3800,4300,4700,5000,5800,6800,8100,9200,13000,15000,17000,26123,7,3800,4093.54568770815,189,16732,10189.052444206254
1748396924,500,,Aggregated,56.600000,0.000000,3800,4300,4700,5000,5800,6800,8100,9200,13000,15000,17000,26162,7,3800,4092.2824325357387,189,16732,10190.11027444385
1748396925,500,,Aggregated,61.400000,0.000000,3800,4300,4700,5000,5800,6800,8100,9200,13000,15000,17000,26191,7,3800,4091.9961437134893,189,16732,10189.660875873391
1748396926,500,,Aggregated,60.500000,0.000000,3800,4300,4700,5000,5800,6800,8100,9200,13000,15000,17000,26253,7,3800,4092.1901877880623,189,16732,10191.174837161467
1748396927,500,,Aggregated,59.400000,0.000000,3800,4300,4700,5000,5800,6700,8100,9200,13000,15000,17000,26336,7,3800,4091.3377885783716,189,16732,10190.70808019441
1748396928,500,,Aggregated,56.000000,0.000000,3800,4300,4700,5000,5800,6700,8100,9200,13000,15000,17000,26389,7,3800,4090.7007844177497,189,16732,10191.837697525483
1748396929,500,,Aggregated,58.800000,0.000000,3800,4300,4700,5000,5800,6700,8000,9200,13000,15000,17000,26446,7,3800,4089.867087650306,189,16732,10188.802427588293
1748396930,500,,Aggregated,59.300000,0.000000,3800,4300,4700,5000,5800,6700,8000,9200,13000,15000,17000,26491,7,3800,4089.985504510966,189,16732,10189.189838058208
1748396931,500,,Aggregated,55.600000,0.000000,3800,4300,4700,5000,5800,6700,8000,9200,13000,15000,17000,26549,7,3800,4090.5840897962257,189,16732,10188.19661757505
1748396932,500,,Aggregated,54.700000,0.000000,3800,4300,4700,5000,5800,6700,8000,9200,13000,15000,17000,26607,7,3800,4091.506408088097,189,16732,10190.778855188484
1748396933,500,,Aggregated,55.400000,0.000000,3800,4300,4700,5000,5800,6700,8000,9200,13000,15000,17000,26665,7,3800,4093.330545659104,189,16732,10193.871104444028
1748396934,500,,Aggregated,54.600000,0.000000,3800,4300,4700,5000,5800,6700,8000,9200,13000,15000,17000,26733,7,3800,4092.7135001683314,189,16732,10191.783825234728
1748396935,500,,Aggregated,51.100000,0.000000,3800,4300,4700,5000,5800,6700,8000,9200,13000,15000,17000,26793,7,3800,4093.2751838166687,189,16732,10193.911432090472
1748396936,500,,Aggregated,55.000000,0.000000,3800,4300,4700,5000,5800,6700,8000,9200,13000,15000,17000,26862,7,3800,4092.8708212344577,189,16732,10197.854478445388
1748396937,500,,Aggregated,60.900000,0.000000,3800,4300,4700,5000,5800,6700,8000,9200,13000,15000,17000,26913,7,3800,4092.695760413183,189,16732,10199.69234199086
1748396938,500,,Aggregated,63.500000,0.000000,3800,4300,4700,5000,5800,6700,8000,9200,13000,15000,17000,26965,7,3800,4092.7498609308363,189,16732,10199.13799369553
1748396939,500,,Aggregated,59.400000,0.000000,3800,4300,4700,5000,5800,6700,8000,9200,13000,15000,17000,27058,7,3800,4091.9975607953284,189,16732,10200.177285830438
1748396940,500,,Aggregated,54.200000,0.000000,3800,4300,4700,5000,5800,6700,8000,9200,13000,15000,17000,27093,7,3800,4091.3473221865424,189,16732,10203.40202266268
1748396941,500,,Aggregated,58.500000,0.000000,3800,4300,4700,5000,5800,6700,8000,9100,13000,15000,17000,27133,7,3800,4091.2096708804775,189,16732,10205.992260347179
1748396942,500,,Aggregated,62.200000,0.000000,3800,4300,4700,5000,5800,6700,8000,9100,13000,15000,17000,27198,7,3800,4089.869843370836,189,16732,10201.638355761454
1748396943,500,,Aggregated,61.500000,0.000000,3800,4300,4700,5000,5800,6700,8000,9100,13000,15000,17000,27256,7,3800,4089.011300264162,189,16732,10198.889125330203
1748396944,500,,Aggregated,63.500000,0.000000,3800,4300,4700,5000,5800,6700,8000,9100,13000,15000,17000,27310,7,3800,4088.876894910289,189,16732,10203.197107286709
1748396945,500,,Aggregated,60.600000,0.000000,3800,4300,4700,5000,5800,6700,8000,9100,13000,15000,17000,27403,7,3800,4089.3966718972374,189,16732,10200.038937342626
1748396946,500,,Aggregated,57.900000,0.000000,3800,4300,4700,5000,5800,6700,8000,9100,13000,15000,17000,27427,7,3800,4089.6296350311736,189,16732,10202.110511539724
1748396947,500,,Aggregated,56.300000,0.000000,3800,4300,4700,5000,5800,6700,8000,9100,13000,15000,17000,27487,7,3800,4090.9409539054827,189,16732,10205.455160621384
1748396948,500,,Aggregated,57.100000,0.000000,3800,4300,4700,5000,5800,6700,8000,9100,13000,15000,17000,27546,7,3800,4091.7481667029697,189,16732,10204.71052058375
1748396949,500,,Aggregated,53.500000,0.000000,3800,4300,4700,5000,5800,6700,8000,9100,13000,15000,17000,27641,7,3800,4091.6669802105566,189,16732,10205.469411381644
1748396950,500,,Aggregated,57.900000,0.000000,3800,4300,4700,5000,5800,6700,8000,9100,13000,15000,17000,27687,7,3800,4091.4260844439627,189,16732,10207.092534402427
1748396951,500,,Aggregated,62.600000,0.000000,3800,4300,4700,5000,5800,6700,8000,9100,13000,15000,17000,27723,7,3800,4091.6077985787974,189,16732,10209.064242686578
1748396952,500,,Aggregated,58.500000,0.000000,3800,4300,4700,5000,5800,6700,8000,9100,13000,15000,17000,27757,7,3800,4091.644305940844,189,16732,10208.108008790576
1748396953,500,,Aggregated,57.600000,0.000000,3800,4300,4700,5000,5800,6700,8000,9100,13000,15000,17000,27827,7,3800,4093.739174183347,189,16732,10208.146224889495
1748396954,500,,Aggregated,55.200000,0.000000,3800,4300,4700,5000,5800,6700,8000,9100,13000,15000,17000,27914,7,3800,4095.81600630508,189,16732,10211.237658522605
1748396955,500,,Aggregated,53.300000,0.000000,3800,4300,4700,5000,5800,6700,8000,9100,13000,15000,17000,27961,7,3800,4097.247416043775,189,16732,10215.20296126748
1748396956,500,,Aggregated,57.100000,0.000000,3800,4300,4700,5000,5800,6700,8000,9100,13000,15000,17000,28000,7,3800,4098.801321428571,189,16732,10218.427571428572
1748396957,500,,Aggregated,57.500000,0.000000,3800,4300,4700,5000,5800,6700,8000,9100,12000,15000,17000,28055,7,3800,4099.2781322402425,189,16732,10216.546391017644
1748396958,500,,Aggregated,57.200000,0.000000,3800,4300,4700,5000,5800,6700,8000,9100,12000,15000,17000,28156,7,3800,4099.1939906236685,189,16732,10215.577248188663
1748396959,500,,Aggregated,60.600000,0.000000,3800,4300,4700,5000,5800,6700,8000,9100,12000,15000,17000,28197,7,3800,4099.093307798702,189,16732,10216.167854736319
1748396960,500,,Aggregated,59.300000,0.000000,3800,4300,4700,5000,5800,6700,8000,9100,12000,15000,17000,28240,7,3800,4099.627620396601,189,16732,10219.017634560907
1748396961,500,,Aggregated,56.100000,0.000000,3800,4300,4700,5000,5800,6700,8000,9100,12000,15000,17000,28308,7,3800,4100.412144976685,189,16732,10219.180620319345
1748396962,500,,Aggregated,55.000000,0.000000,3800,4300,4700,5000,5800,6700,8000,9100,12000,15000,17000,28353,7,3800,4100.715726730858,189,16732,10222.93760801326
1748396963,500,,Aggregated,55.000000,0.000000,3800,4300,4700,5000,5800,6700,8000,9100,12000,15000,17000,28404,7,3800,4101.339564850021,189,16732,10221.335445711871
1748396964,500,,Aggregated,60.900000,0.000000,3800,4300,4700,5000,5800,6700,8000,9100,12000,15000,17000,28481,7,3800,4099.805379024613,189,16732,10218.691057196025
1748396965,500,,Aggregated,64.600000,0.000000,3800,4300,4700,5000,5800,6700,8000,9100,12000,15000,17000,28530,7,3800,4098.430844724851,189,16732,10217.167823343849
1748396966,500,,Aggregated,62.500000,0.000000,3800,4300,4700,5000,5800,6700,8000,9100,12000,15000,17000,28620,7,3800,4097.753144654088,189,16732,10219.644479385046
1748396967,500,,Aggregated,60.200000,0.000000,3800,4300,4700,5000,5800,6700,8000,9100,12000,15000,17000,28658,7,3800,4097.955963430804,189,16732,10221.317398283201
1748396968,500,,Aggregated,61.100000,0.000000,3800,4300,4700,5000,5800,6700,8000,9100,12000,15000,17000,28679,7,3800,4097.806827295233,189,16732,10220.466403988981
1748396969,500,,Aggregated,58.200000,0.000000,3800,4300,4700,5000,5800,6700,8000,9100,12000,15000,17000,28758,7,3800,4098.06071354058,189,16732,10220.560052854858
1748396970,500,,Aggregated,56.300000,0.000000,3800,4300,4700,5000,5800,6700,8000,9100,12000,15000,17000,28832,7,3800,4098.205049944506,189,16732,10220.394630965593
1748396971,500,,Aggregated,53.100000,0.000000,3800,4300,4700,5000,5800,6700,8000,9100,12000,15000,17000,28892,7,3800,4098.45355115603,189,16732,10222.566488993492
1748396972,500,,Aggregated,57.300000,0.000000,3800,4300,4700,5000,5800,6700,8000,9000,12000,15000,17000,28947,7,3800,4099.082633778975,189,16732,10224.93640100874
1748396973,500,,Aggregated,61.000000,0.000000,3800,4300,4700,5000,5800,6700,8000,9000,12000,15000,17000,28975,7,3800,4099.086350301985,189,16732,10224.575565142364
1748396974,500,,Aggregated,56.100000,0.000000,3800,4300,4700,5000,5800,6700,8000,9000,12000,15000,17000,29082,7,3800,4099.95890929097,189,16732,10222.846262292827
1748396975,500,,Aggregated,54.800000,0.000000,3800,4300,4700,5000,5800,6700,8000,9000,12000,15000,17000,29116,7,3800,4100.351112790218,189,16732,10223.537882950955
1748396976,500,,Aggregated,52.700000,0.000000,3800,4300,4700,5000,5800,6700,8000,9000,12000,15000,17000,29152,7,3800,4100.613542810099,189,16732,10225.614880625686
1748396977,500,,Aggregated,56.600000,0.000000,3800,4300,4700,5000,5800,6700,8000,9000,12000,15000,17000,29235,7,3800,4100.522900632803,189,16732,10228.154198734394
1748396978,500,,Aggregated,54.600000,0.000000,3800,4300,4700,5000,5800,6700,8000,9000,12000,15000,17000,29272,7,3800,4100.08680650451,189,16732,10227.43628723695
1748396979,500,,Aggregated,58.100000,0.000000,3800,4300,4700,5000,5800,6700,8000,9000,12000,15000,17000,29340,7,3800,4100.134049079755,189,16732,10226.693762781186
1748396980,500,,Aggregated,58.800000,0.000000,3800,4300,4700,5000,5800,6700,8000,9000,12000,15000,17000,29410,7,3800,4100.037402244135,189,16732,10226.847806868413
1748396981,500,,Aggregated,60.000000,0.000000,3800,4300,4700,5000,5800,6700,8000,9000,12000,15000,17000,29468,7,3800,4100.211958734899,189,16732,10226.780711280033
1748396982,500,,Aggregated,57.900000,0.000000,3800,4300,4700,5000,5800,6700,8000,9000,12000,15000,17000,29506,7,3800,4099.878262048397,189,16732,10225.543482681489
1748396983,500,,Aggregated,54.600000,0.000000,3800,4300,4700,5000,5800,6700,8000,9000,12000,15000,17000,29593,7,3800,4099.486263643429,189,16732,10228.145507383502
1748396984,500,,Aggregated,56.900000,0.000000,3800,4300,4700,5000,5800,6700,8000,9000,12000,15000,17000,29637,7,3800,4098.399163208152,189,16732,10226.038870331005
1748396985,500,,Aggregated,60.600000,0.000000,3800,4300,4700,5000,5800,6700,8000,9000,12000,15000,17000,29670,7,3800,4098.680182002022,189,16732,10229.716177957533
1748396986,500,,Aggregated,61.700000,0.000000,3800,4300,4700,5000,5800,6700,8000,9000,12000,15000,17000,29776,7,3800,4097.653143471252,189,16732,10230.894881783986
1748396987,500,,Aggregated,56.500000,0.000000,3800,4300,4700,5000,5800,6700,8000,9000,12000,15000,17000,29811,7,3800,4097.851967394586,189,16732,10232.364965952165
1748396988,500,,Aggregated,52.800000,0.000000,3800,4300,4700,5000,5800,6700,8000,9000,12000,15000,17000,29858,7,3800,4097.798646928796,189,16732,10231.204534798044
1748396989,500,,Aggregated,58.500000,0.000000,3800,4300,4700,5000,5800,6700,8000,9000,12000,15000,17000,29913,7,3800,4097.613445659078,189,16732,10231.376993280513
1748396990,500,,Aggregated,58.400000,0.000000,3800,4300,4700,5000,5800,6700,8000,9000,12000,15000,17000,29984,7,3800,4097.840614994664,189,16732,10231.394410352188
1748396991,500,,Aggregated,58.200000,0.000000,3800,4300,4700,5000,5800,6700,8000,9000,12000,15000,17000,30054,7,3800,4097.016570173688,189,16732,10229.56102349105
1748396992,500,,Aggregated,57.600000,0.000000,3800,4300,4700,5000,5800,6700,8000,9000,12000,15000,17000,30098,7,3800,4097.665525948568,189,16732,10233.732407468935
1748396993,500,,Aggregated,61.800000,0.000000,3800,4300,4700,5000,5800,6700,7900,9000,12000,15000,17000,30165,7,3800,4098.4187634675945,189,16732,10233.366318581137
1748396994,500,,Aggregated,60.000000,0.000000,3800,4300,4700,5000,5800,6700,7900,9000,12000,15000,17000,30232,7,3800,4097.93966657846,189,16732,10233.51505027785
1748396995,500,,Aggregated,54.400000,0.000000,3800,4300,4700,5000,5800,6700,7900,9000,12000,15000,17000,30273,7,3800,4098.072176526938,189,16732,10234.162256796486
1748396996,500,,Aggregated,55.300000,0.000000,3800,4300,4700,5000,5800,6700,7900,9000,12000,15000,17000,30312,7,3800,4097.864608076009,189,16732,10233.246569015571
1748396997,500,,Aggregated,59.600000,0.000000,3800,4300,4700,5000,5800,6700,7900,9000,12000,15000,17000,30360,7,3800,4098.376910408432,189,16732,10233.8203886693
1748396998,500,,Aggregated,61.400000,0.000000,3800,4300,4700,5000,5800,6700,7900,9000,12000,15000,17000,30418,7,3800,4099.561213755013,189,16732,10234.940331382733
1748396999,500,,Aggregated,54.800000,0.000000,3800,4300,4700,5000,5800,6700,7900,9000,12000,15000,17000,30522,7,3800,4101.230030797457,189,16732,10233.4634689732
1748397000,500,,Aggregated,56.600000,0.000000,3800,4300,4700,5000,5800,6700,7900,9000,12000,15000,17000,30574,7,3800,4101.056878393406,189,16732,10233.306698501996
1748397001,500,,Aggregated,57.100000,0.000000,3800,4300,4700,5000,5800,6700,7900,9000,12000,15000,17000,30620,7,3800,4101.761332462443,189,16732,10234.39461136512
1748397002,500,,Aggregated,58.100000,0.000000,3800,4300,4700,5000,5800,6700,7900,9000,12000,15000,17000,30697,7,3800,4102.131576375542,189,16732,10233.194807310161
1748397003,500,,Aggregated,54.500000,0.000000,3800,4300,4700,5000,5800,6700,7900,9000,12000,15000,17000,30731,7,3800,4102.023396570238,189,16732,10233.004327877388
1748397004,500,,Aggregated,54.500000,0.000000,3800,4300,4700,5000,5800,6700,7900,9000,12000,15000,17000,30773,7,3800,4101.865693952491,189,16732,10232.752705293602
1748397005,500,,Aggregated,60.100000,0.000000,3800,4300,4700,5000,5800,6700,7900,9000,12000,15000,17000,30843,7,3800,4101.96427066109,189,16732,10230.808027753461
1748397006,500,,Aggregated,58.800000,0.000000,3800,4300,4700,5000,5800,6700,7900,9000,12000,15000,17000,30919,7,3800,4103.203434781202,189,16732,10235.679355735956
1748397007,500,,Aggregated,54.300000,0.000000,3800,4300,4700,5000,5800,6700,7900,9000,12000,15000,17000,30966,7,3800,4103.948136666021,189,16732,10239.306206807467
1748397008,500,,Aggregated,57.300000,0.000000,3800,4300,4700,5000,5800,6700,7900,9000,12000,15000,17000,31015,7,3800,4104.209833951314,189,16732,10240.55073351604
1748397009,500,,Aggregated,58.000000,0.000000,3800,4300,4700,5000,5800,6700,8000,9000,12000,15000,17000,31080,7,3800,4105.0675675675675,189,16732,10241.44407979408
1748397010,500,,Aggregated,59.500000,0.000000,3800,4300,4700,5000,5800,6700,8000,9000,12000,15000,17000,31116,7,3800,4104.352198225993,189,16732,10239.220690320093
1748397011,500,,Aggregated,56.700000,0.000000,3800,4300,4700,5000,5800,6700,7900,9000,12000,15000,17000,31187,7,3800,4104.197069291692,189,16732,10238.642126527078
1748397012,500,,Aggregated,58.400000,0.000000,3800,4300,4700,5000,5800,6700,7900,9000,12000,15000,17000,31272,7,3800,4104.753069838834,189,16732,10240.614575338961
1748397013,500,,Aggregated,56.500000,0.000000,3800,4300,4700,5000,5800,6700,7900,9000,12000,15000,17000,31306,7,3800,4105.048105794416,189,16732,10247.163259439085
1748397014,500,,Aggregated,57.200000,0.000000,3800,4300,4700,5000,5800,6700,7900,9000,12000,15000,17000,31374,7,3800,4104.5885127812835,189,16732,10246.427392108115
1748397015,500,,Aggregated,57.900000,0.000000,3800,4300,4700,5000,5800,6700,7900,9000,12000,15000,17000,31438,7,3800,4104.012373560659,189,16732,10244.725396017559
1748397016,500,,Aggregated,57.100000,0.000000,3800,4300,4700,5000,5800,6700,7900,9000,12000,15000,17000,31491,7,3800,4104.299799942841,189,16732,10247.707217935284
1748397017,500,,Aggregated,61.400000,0.000000,3800,4300,4700,5000,5800,6700,7900,9000,12000,15000,17000,31544,7,3800,4103.8714177022575,189,16732,10247.93482120213
1748397018,500,,Aggregated,59.700000,0.000000,3800,4300,4700,5000,5800,6700,7900,9000,12000,15000,17000,31593,8,3800,4103.727977716583,116,16732,10248.235843383029
1748397019,500,,Aggregated,59.700000,0.000000,3800,4300,4700,5000,5800,6700,7900,9000,12000,15000,17000,31656,8,3800,4103.336776598433,116,16732,10248.721916856204
1748397020,500,,Aggregated,56.100000,0.100000,3800,4300,4700,5000,5800,6700,7900,9000,12000,15000,17000,31705,8,3800,4103.513925248383,116,16732,10248.645324081375
1748397021,500,,Aggregated,57.400000,0.100000,3800,4300,4700,5000,5800,6700,7900,9000,12000,15000,17000,31801,8,3800,4104.167541901198,116,16732,10245.965755793843
1748397022,500,,Aggregated,55.400000,0.100000,3800,4300,4700,5000,5800,6700,7900,9000,12000,15000,17000,31844,8,3800,4104.790918226354,116,16732,10252.913829920864
1748397023,500,,Aggregated,56.400000,0.100000,3800,4300,4700,5000,5800,6700,7900,9000,12000,15000,17000,31906,8,3800,4104.452548110074,116,16732,10252.414592866546
1748397024,500,,Aggregated,63.400000,0.100000,3800,4300,4700,5000,5800,6700,7900,9000,12000,15000,17000,31985,8,3800,4103.0293262466785,116,16732,10250.877567609818
1748397025,500,,Aggregated,59.000000,0.100000,3800,4300,4700,5000,5800,6700,7900,9000,12000,15000,17000,32065,8,3800,4101.239794168096,116,16732,10251.96192109777
1748397026,500,,Aggregated,60.400000,0.100000,3800,4300,4700,5000,5800,6700,7900,8900,12000,15000,17000,32115,8,3800,4099.2834501011985,116,16732,10253.055238984898
1748397027,500,,Aggregated,59.600000,0.100000,3800,4300,4700,5000,5800,6700,7900,8900,12000,15000,17000,32175,8,3800,4097.300077700078,116,16732,10251.590675990676
1748397028,500,,Aggregated,62.900000,0.100000,3800,4300,4700,5000,5800,6700,7900,8900,12000,15000,17000,32202,8,3800,4096.5445935035095,116,16732,10252.66294019005
1748397029,500,,Aggregated,60.300000,0.100000,3800,4300,4700,5000,5800,6700,7900,8900,12000,15000,17000,32221,8,3800,4096.327736569318,116,16732,10253.050246733497
1748397030,500,,Aggregated,63.300000,0.000000,3800,4300,4700,5000,5800,6700,7900,8900,12000,15000,17000,32283,8,3800,4096.101477557848,116,16732,10253.755567945978
1748397031,500,,Aggregated,60.200000,0.000000,3800,4300,4700,5000,5800,6700,7900,8900,12000,15000,17000,32373,8,3800,4096.686312667964,116,16732,10255.726562258673
1748397032,500,,Aggregated,59.300000,0.000000,3800,4300,4700,5000,5800,6700,7900,8900,12000,15000,17000,32441,8,3800,4096.239819980889,116,16732,10255.446410406585
1748397033,500,,Aggregated,59.400000,0.000000,3800,4300,4700,5000,5800,6700,7900,8900,12000,15000,17000,32513,8,3800,4095.9494048534434,116,16732,10257.88293913204
1748397034,500,,Aggregated,55.500000,0.000000,3800,4300,4700,5000,5800,6700,7900,8900,12000,15000,17000,32544,8,3800,4095.430617010816,116,16732,10256.192570058996
1748397035,500,,Aggregated,59.200000,0.000000,3800,4300,4700,5000,5800,6700,7900,8900,12000,15000,17000,32598,8,3800,4095.644855512608,116,16732,10255.906251917295
1748397036,500,,Aggregated,58.400000,0.000000,3800,4300,4700,5000,5800,6700,7900,8900,12000,15000,17000,32671,8,3800,4095.741330231704,116,16732,10254.898503259772
1748397037,500,,Aggregated,55.800000,0.000000,3800,4300,4700,5000,5800,6700,7900,8900,12000,15000,17000,32706,8,3800,4095.5300556472816,116,16732,10255.25768972054
1748397038,500,,Aggregated,53.800000,0.000000,3800,4300,4700,5000,5800,6700,7900,8900,12000,15000,17000,32791,8,3800,4095.465158122656,116,16732,10256.02567777744
1748397039,500,,Aggregated,57.400000,0.000000,3800,4300,4700,5000,5800,6700,7900,8900,12000,15000,17000,32860,8,3800,4095.0617468046257,116,16732,10257.087188070602
1748397040,500,,Aggregated,55.500000,0.000000,3800,4300,4700,5000,5800,6700,7900,8900,12000,15000,17000,32909,8,3800,4095.189553009815,116,16732,10259.591114892582
1748397041,500,,Aggregated,59.700000,0.000000,3800,4300,4700,5000,5800,6700,7900,8900,12000,15000,17000,32968,8,3800,4095.376668284397,116,16732,10260.922439941762
1748397042,500,,Aggregated,61.400000,0.000000,3800,4300,4700,5000,5800,6700,7900,8900,12000,15000,17000,33034,8,3800,4095.39583459466,116,16732,10263.07159290428
1748397043,500,,Aggregated,61.700000,0.000000,3800,4300,4700,5000,5800,6700,7900,8900,12000,15000,17000,33060,8,3800,4095.36887477314,116,16732,10265.17543859649
1748397044,500,,Aggregated,59.000000,0.000000,3800,4300,4700,5000,5800,6700,7900,8900,12000,15000,17000,33116,8,3800,4095.0383802391593,116,16732,10264.195222853
1748397045,500,,Aggregated,58.000000,0.000000,3800,4300,4700,5000,5800,6700,7900,8900,12000,15000,17000,33219,8,3800,4095.018212468768,116,16732,10262.48968963545
1748397046,500,,Aggregated,57.400000,0.000000,3800,4300,4700,5000,5800,6700,7900,8900,12000,15000,17000,33269,8,3800,4093.5460338453213,116,16732,10259.39670564189
1748397047,500,,Aggregated,64.700000,0.000000,3800,4300,4700,5000,5800,6700,7900,8900,12000,15000,17000,33323,8,3800,4092.0510458242056,116,16732,10257.668427212437
1748397048,500,,Aggregated,62.000000,0.000000,3800,4300,4700,5000,5800,6700,7900,8900,12000,15000,17000,33365,8,3800,4091.6556271542036,116,16732,10261.288595833958
1748397049,500,,Aggregated,62.100000,0.000000,3800,4300,4700,5000,5800,6700,7900,8900,12000,15000,17000,33405,8,3800,4091.8613381230357,116,16732,10262.417931447388
1748397050,500,,Aggregated,60.000000,0.000000,3800,4300,4700,5000,5800,6700,7900,8900,12000,15000,17000,33489,8,3800,4091.6826719221235,116,16732,10263.837200274716
1748397051,500,,Aggregated,57.600000,0.000000,3800,4300,4700,5000,5800,6700,7900,8900,12000,15000,17000,33551,8,3800,4091.669309409556,116,16732,10264.336144973324
1748397052,500,,Aggregated,56.200000,0.000000,3800,4300,4700,5000,5800,6700,7900,8900,12000,15000,17000,33594,8,3800,4091.6758349705306,116,16732,10264.83119009347
1748397053,500,,Aggregated,57.200000,0.000000,3800,4300,4700,5000,5800,6700,7900,8900,12000,15000,17000,33658,8,3800,4092.4188008794345,116,16732,10266.340453978251
1748397054,500,,Aggregated,58.600000,0.000000,3800,4300,4700,5000,5800,6700,7900,8800,12000,15000,17000,33756,8,3800,4092.3535667733145,116,16732,10269.204822846308
1748397055,500,,Aggregated,59.700000,0.000000,3800,4300,4700,5000,5800,6700,7900,8800,12000,15000,17000,33781,8,3800,4091.7434356590984,116,16732,10268.651964121844
1748397056,500,,Aggregated,64.700000,0.000000,3800,4300,4700,5000,5800,6700,7900,8800,12000,15000,17000,33852,8,3800,4090.622651542006,116,16732,10266.631365945883
1748397057,500,,Aggregated,56.100000,0.000000,3800,4300,4700,5000,5800,6700,7900,8800,12000,15000,17000,33899,8,3800,4090.2680905041448,116,16732,10269.153278857784
1748397058,500,,Aggregated,59.100000,0.000000,3800,4300,4700,5000,5800,6700,7900,8800,12000,15000,17000,33970,8,3800,4090.1265528407416,116,16732,10268.660200176626
1748397059,500,,Aggregated,55.900000,0.000000,3800,4300,4700,5000,5800,6700,7900,8800,12000,15000,17000,34022,8,3800,4089.6061665980837,116,16732,10266.542472517782
1748397060,500,,Aggregated,57.800000,0.000000,3800,4300,4700,5000,5800,6700,7900,8800,12000,15000,17000,34131,8,3800,4089.144443467815,116,16732,10267.64697782075
